>RAB9A_CANLF/9-174
14 22 21 20 20 5 9 5 5 22 5 14 6 6 20 19 7 13 17 22 23 7 14 16 9 23 12 20 16 15 23 21 5 22 10 24 24 24 24 24 16 20 7 14 9 20 10 22 9 24 24 24 24 24 24 24 24 24 24 5
15 16 22 23 19 12 21 18 9 23 4 5 12 10 13 16 13 6 20 13 23 1 16 17 13 5 6 9 3 3 20 20 23 16 6 22 9 9 6 12 6 16 12 7 20 6 24 7 18 14 14 10 16 21 17 17 4 9 22 14
24 24 24 24 24 24 10 1 10 6 16 1 16 22 21 20 5 7 14 21 9 21 6 24 24 24 24 24 24 24 24 24 24 24 24 24 24 24 24 24 24 24 24 24 24 24 24 24 24 24 24 24 24 24 24 24 24 10 13 12
22 6 23 10 10 4 12 4 18 3 24 24 24 24 24 24 24 13 9 7 5 9 17 1 17 16 10 23 6 4 14 9 4 23 7 22 4 4 4 16 10 10 4 22 13 13 22 20 4
>RAB7A_CANLF/10-175
14 22 21 21 20 5 9 6 5 22 5 14 23 6 20 19 7 12 17 22 7 14 14 16 6 7 12 17 14 4 23 21 5 4 9 24 24 24 24 24 16 20 23 14 10 22 19 22 9 24 24 24 24 24 24 24 24 24 24 9
13 20 22 23 19 12 21 18 9 23 4 5 12 10 13 16 12 6 20 5 22 4 16 17 13 5 4 9 3 3 22 20 22 16 9 22 23 4 1 7 23 16 14 23 20 9 24 6 18 13 9 10 16 20 21 12 4 6 1 13
24 24 24 24 24 24 9 1 10 7 16 1 16 22 22 20 5 7 14 21 9 20 10 7 24 24 24 24 24 24 24 24 24 24 24 24 24 24 24 24 24 24 24 24 24 24 24 24 24 24 24 24 24 24 24 24 24 24 13 12
22 4 23 14 13 4 12 4 18 3 24 24 24 24 24 24 24 17 6 14 7 7 21 1 17 16 10 23 6 4 14 10 4 21 7 22 10 12 4 16 12 23 21 4 13 7 4 20 14
>YPT7_YEAST/10-178
14 22 21 21 20 5 9 6 5 22 5 14 23 6 20 19 15 13 17 22 7 9 14 17 6 12 12 17 14 4 23 21 5 4 9 24 24 24 24 24 16 20 23 14 10 22 23 22 9 24 24 24 24 24 24 24 24 24 5 9
14 22 4 23 19 12 22 18 9 23 4 5 12 10 13 16 12 6 20 5 22 4 16 17 13 5 4 9 3 3 22 20 22 17 9 22 23 7 4 6 6 16 10 7 21 14 24 6 18 13 9 10 16 20 22 15 4 7 22 7
24 24 24 24 24 24 6 1 10 23 16 1 16 22 21 20 5 7 14 21 9 4 10 10 24 24 24 24 24 24 24 24 24 24 24 24 24 24 24 24 24 24 24 24 24 24 24 24 24 24 24 24 24 24 24 24 6 14 14 21
22 6 10 14 6 4 12 10 20 4 24 24 24 24 24 24 24 14 6 20 5 9 21 1 20 16 20 23 6 4 14 7 4 21 7 22 9 23 4 16 10 10 21 4 13 6 4 20 12
>RAA1A_ARATH/15-176
14 20 22 20 21 5 9 6 5 22 5 14 6 7 20 20 6 13 16 23 14 7 10 16 7 20 10 6 14 6 23 21 5 22 10 24 24 24 24 24 16 4 23 14 23 23 14 22 10 24 24 24 24 24 24 24 24 24 24 5
14 22 22 14 4 12 21 18 9 23 4 5 12 10 13 17 13 4 21 23 6 4 17 17 13 5 4 22 5 4 20 20 21 17 9 22 23 13 15 4 23 16 10 7 4 4 24 13 18 20 13 10 20 13 5 15 23 9 24 24
24 24 24 24 24 24 24 24 1 7 21 22 22 19 20 21 5 7 14 3 9 20 13 15 24 24 24 24 24 24 24 24 24 24 24 24 24 24 24 24 24 24 24 24 24 24 24 24 24 24 24 24 24 24 24 24 24 20 22 4
22 14 23 10 10 4 14 4 16 4 24 24 24 24 24 24 24 10 13 10 6 24 20 17 16 19 10 23 6 4 20 9 4 23 7 22 10 7 4 16 23 10 22 20 23 12 21 15 14
>RLGP1_ORYSJ/20-181
14 22 22 20 21 5 9 6 4 22 5 14 6 12 20 20 4 13 16 4 13 7 10 16 7 20 9 6 14 4 23 21 5 22 10 24 24 24 24 24 16 12 23 13 23 20 15 21 9 24 24 24 24 24 24 24 24 24 24 4
13 23 22 14 4 12 21 18 9 23 4 5 12 10 13 17 13 4 22 23 6 4 17 17 13 5 4 22 5 4 19 20 22 17 9 21 23 14 13 12 6 16 9 15 22 4 24 13 18 20 10 10 20 13 5 15 4 9 24 24
24 24 24 24 24 24 24 24 14 7 21 22 21 19 20 21 5 7 14 6 9 20 5 23 24 24 24 24 24 24 24 24 24 24 24 24 24 24 24 24 24 24 24 24 24 24 24 24 24 24 24 24 24 24 24 24 24 20 13 22
22 1 23 10 9 4 14 10 16 4 24 24 24 24 24 24 24 10 13 10 7 24 20 16 16 19 10 23 6 4 20 10 6 23 7 22 10 7 4 16 19 23 22 20 23 10 21 17 13
>RAA5E_ARATH/14-175
14 21 22 22 21 5 9 6 4 22 5 14 6 7 20 20 6 13 17 4 13 7 10 16 6 4 7 6 14 4 23 21 5 22 10 24 24 24 24 24 16 12 23 12 6 19 10 21 10 24 24 24 24 24 24 24 24 24 24 5
14 10 22 14 4 12 21 18 9 23 4 5 12 10 13 16 13 4 22 23 6 4 17 17 13 5 4 22 5 4 20 22 22 17 9 21 23 13 13 23 23 16 10 6 22 5 24 13 18 20 9 10 20 14 21 15 6 9 24 24
24 24 24 24 24 24 24 24 23 23 22 4 13 19 20 22 5 7 14 3 9 20 10 7 24 24 24 24 24 24 24 24 24 24 24 24 24 24 24 24 24 24 24 24 24 24 24 24 24 24 24 24 24 24 24 24 24 21 13 4
22 6 22 10 10 5 14 4 20 4 24 24 24 24 24 24 24 10 10 10 5 24 20 16 16 22 10 23 6 4 20 9 6 23 7 22 14 23 4 16 10 19 22 21 20 9 21 17 7
>U3IU57_ANAPP/6-166
10 22 22 20 21 5 9 6 5 22 5 14 6 7 20 20 6 13 16 23 13 7 10 16 7 20 10 6 14 6 23 21 5 22 10 24 24 24 24 24 16 4 23 13 6 21 12 22 9 24 24 24 24 24 24 24 24 24 24 5
14 23 21 14 4 12 21 18 9 23 4 5 12 10 13 17 13 4 21 23 6 4 17 17 13 5 4 22 5 4 20 20 22 17 9 21 4 14 15 20 23 17 10 7 22 10 24 13 18 20 14 10 20 13 9 15 4 9 24 24
24 24 24 24 24 24 24 24 7 7 21 22 21 19 20 22 5 7 14 6 9 20 13 15 24 24 24 24 24 24 24 24 24 24 24 24 24 24 24 24 24 24 24 24 24 24 24 24 24 24 24 24 24 24 24 24 24 20 13 4
22 1 23 9 10 4 13 4 16 4 24 24 24 24 24 24 24 10 14 7 7 24 20 6 16 21 10 23 6 4 20 9 6 23 7 22 10 10 4 16 14 7 21 20 23 10 21 17 24
>YPT31_YEAST/15-176
14 21 22 20 21 5 9 6 5 22 5 14 6 7 20 20 6 13 16 23 14 7 10 16 7 19 9 6 14 6 23 21 5 22 10 24 24 24 24 24 16 4 23 13 23 20 10 21 9 24 24 24 24 24 24 24 24 24 24 5
14 13 21 14 4 12 21 18 9 23 4 5 12 10 13 17 13 4 21 23 6 4 17 17 13 5 4 22 5 4 20 21 22 17 9 21 6 14 6 6 6 17 10 7 3 7 24 15 18 20 6 10 20 13 10 7 4 9 24 24
24 24 24 24 24 24 24 24 9 7 22 4 22 5 20 21 5 7 14 6 9 20 4 15 24 24 24 24 24 24 24 24 24 24 24 24 24 24 24 24 24 24 24 24 24 24 24 24 24 24 24 24 24 24 24 24 24 20 13 4
22 1 23 10 10 6 14 23 16 4 24 24 24 24 24 24 24 12 10 7 12 24 20 20 16 23 10 23 6 4 20 7 6 10 7 22 9 14 4 16 10 10 20 21 7 23 21 17 12
>RAB2A_HUMAN/8-169
14 17 21 21 21 5 9 23 5 22 5 14 6 3 20 20 20 12 16 23 9 14 13 16 12 1 22 15 9 20 23 21 5 22 10 24 24 24 24 24 16 5 4 13 19 21 23 21 9 24 24 24 24 24 24 24 24 24 24 5
14 12 21 14 20 12 21 18 9 23 4 5 12 10 6 16 13 6 21 23 13 6 17 17 13 5 4 4 5 4 20 20 22 17 9 21 23 13 13 9 23 16 7 15 20 23 24 23 18 20 10 9 4 13 12 15 6 7 24 24
24 24 24 24 24 24 24 24 6 7 19 22 21 19 20 21 5 7 14 6 9 20 10 6 24 24 24 24 24 24 24 24 24 24 24 24 24 24 24 24 24 24 24 24 24 24 24 24 24 24 24 24 24 24 24 24 24 13 13 10
22 14 14 10 10 5 10 4 16 4 24 24 24 24 24 24 24 13 10 15 5 24 20 21 16 19 10 23 6 4 14 23 4 6 7 22 10 10 4 16 21 7 23 4 14 10 21 17 10
>RAB4A_HUMAN/15-176
14 16 20 22 21 5 7 4 5 23 5 14 6 3 20 20 15 12 16 21 10 14 14 16 14 9 9 6 7 15 23 21 5 22 10 24 24 24 24 24 16 5 6 14 21 21 7 22 5 24 24 24 24 24 24 24 24 24 24 5
14 17 22 14 20 12 21 18 9 23 4 5 12 10 13 16 13 6 22 23 13 6 17 17 13 5 4 4 5 4 20 20 22 17 9 21 23 6 13 10 23 17 7 4 20 23 24 7 18 20 23 9 4 13 19 20 4 6 24 24
24 24 24 24 24 24 24 24 12 7 21 22 21 21 20 3 5 7 14 14 9 20 9 4 24 24 24 24 24 24 24 24 24 24 24 24 24 24 24 24 24 24 24 24 24 24 24 24 24 24 24 24 24 24 24 24 24 9 13 10
22 23 16 20 10 4 6 13 16 4 24 24 24 24 24 24 24 12 10 7 10 24 20 19 16 20 10 23 6 4 20 23 5 10 7 22 10 10 4 16 22 12 3 4 13 14 21 20 7
>RAB14_DICDI/10-171
14 17 21 21 21 5 9 19 5 22 5 14 6 3 20 20 15 12 16 23 10 7 14 16 22 1 9 6 1 15 23 21 5 22 10 24 24 24 24 24 16 5 23 13 21 22 9 22 7 24 24 24 24 24 24 24 24 24 24 7
14 14 21 14 20 12 21 18 9 23 4 5 12 10 13 16 13 4 22 23 13 6 17 17 13 5 4 4 5 4 20 20 22 17 9 21 23 13 13 21 23 17 7 15 20 23 24 23 18 20 23 9 4 13 7 20 23 7 24 24
24 24 24 24 24 24 24 24 1 7 23 22 21 19 20 21 5 7 14 14 9 20 10 5 24 24 24 24 24 24 24 24 24 24 24 24 24 24 24 24 24 24 24 24 24 24 24 24 24 24 24 24 24 24 24 24 24 12 13 9
22 23 17 10 10 4 6 4 16 4 24 24 24 24 24 24 24 14 12 7 5 24 20 21 16 22 10 6 6 4 14 23 5 10 7 22 10 10 4 16 20 13 23 4 14 20 21 16 12
>RABA_DICDI/10-171
14 16 21 16 22 5 9 6 5 22 5 14 6 6 21 20 20 13 16 23 10 9 23 16 23 10 6 17 21 6 23 21 5 22 9 24 24 24 24 24 16 14 21 14 23 22 17 21 10 24 24 24 24 24 24 24 24 24 24 5
14 4 21 14 20 12 21 18 9 23 4 5 12 10 13 16 13 22 15 7 7 6 12 17 13 5 3 15 4 22 19 22 22 17 9 22 23 9 12 13 6 16 10 7 22 4 24 14 18 21 12 10 21 10 13 17 4 13 24 24
24 24 24 24 24 24 24 24 9 7 22 21 14 19 21 21 5 7 14 6 9 19 21 6 24 24 24 24 24 24 24 24 24 24 24 24 24 24 24 24 24 24 24 24 24 24 24 24 24 24 24 24 24 24 24 24 24 12 14 22
22 9 1 16 20 4 12 10 16 4 24 24 24 24 24 24 24 9 6 20 9 24 21 23 16 14 10 23 6 4 14 12 4 21 7 21 10 9 4 16 21 6 20 22 14 20 3 21 9
>RABC_DICDI/8-171
14 21 21 20 22 5 10 6 5 22 5 14 6 6 21 20 22 13 16 23 9 7 23 16 6 12 15 16 4 1 23 20 5 22 9 24 24 24 24 24 16 7 22 14 23 21 13 7 14 10 24 24 24 24 24 24 24 24 23 5
12 23 22 14 20 12 20 18 9 23 4 5 12 10 13 16 14 6 21 23 12 23 16 17 13 5 6 15 5 22 21 22 22 17 9 22 23 9 1 14 6 16 10 13 3 14 24 7 18 22 10 9 21 7 12 17 23 12 24 24
24 24 24 24 24 24 24 24 9 5 19 21 21 21 20 22 5 7 14 6 9 19 22 4 24 24 24 24 24 24 24 24 24 24 24 24 24 24 24 24 24 24 24 24 24 24 24 24 24 24 24 24 24 24 24 24 24 12 13 14
22 23 16 10 12 5 12 10 19 4 24 24 24 24 24 24 24 10 12 20 14 24 23 14 16 20 10 22 6 4 14 10 7 7 5 22 23 12 22 16 9 20 20 22 12 9 21 10 4
>RAB15_RAT/10-171
13 20 20 20 21 5 9 6 5 22 5 14 23 3 20 20 3 13 16 23 9 7 10 16 15 6 6 15 21 6 23 21 5 22 9 24 24 24 24 24 16 14 19 14 23 21 10 22 9 24 24 24 24 24 24 24 24 24 24 5
21 14 22 13 21 12 21 18 9 23 4 5 12 10 13 17 12 23 21 23 14 12 17 17 13 13 4 12 5 21 16 20 22 17 9 21 6 6 10 13 6 17 12 15 21 19 24 14 18 22 6 9 22 9 10 17 4 1 24 24
24 24 24 24 24 24 24 24 10 5 22 12 14 21 20 21 5 7 14 4 9 10 10 12 24 24 24 24 24 24 24 24 24 24 24 24 24 24 24 24 24 24 24 24 24 24 24 24 24 24 24 24 24 24 24 24 24 14 13 12
22 5 13 10 12 5 12 12 20 4 24 24 24 24 24 24 24 14 10 17 5 24 19 9 16 17 10 23 6 4 3 23 7 20 7 21 14 10 6 16 23 13 20 23 10 20 22 20 12
>W5NHP5_LEPOC/11-171
14 20 20 20 21 5 9 6 5 22 5 14 23 3 22 20 16 13 16 6 9 9 4 16 7 23 23 16 21 6 23 21 5 21 9 24 24 24 24 24 16 14 21 14 23 22 10 20 12 24 24 24 24 24 24 24 24 24 24 5
14 14 21 14 20 12 21 18 9 23 4 5 12 10 13 16 15 23 21 23 23 6 17 17 13 5 4 19 5 21 19 20 22 17 9 21 23 7 4 14 6 16 10 7 21 6 24 14 18 20 13 7 21 9 10 15 4 7 24 24
24 24 24 24 24 24 24 24 10 9 22 10 13 19 20 20 5 7 14 3 9 19 10 9 24 24 24 24 24 24 24 24 24 24 24 24 24 24 24 24 24 24 24 24 24 24 24 24 24 24 24 24 24 24 24 24 24 14 13 22
22 1 14 4 14 5 10 12 21 4 24 24 24 24 24 24 24 13 10 15 5 24 21 13 16 16 10 23 6 4 14 4 7 21 7 21 10 14 4 16 20 23 20 4 10 9 21 20 24
>RAB8A_HUMAN/10-171
14 20 20 20 21 5 9 6 5 22 5 14 23 3 22 20 16 13 16 6 10 9 4 16 7 6 23 16 21 6 23 21 5 21 9 24 24 24 24 24 16 14 21 13 23 21 10 20 9 24 24 24 24 24 24 24 24 24 24 5
14 13 21 14 20 12 21 18 9 23 4 5 12 10 13 16 13 23 21 23 23 4 17 17 13 5 4 19 5 21 19 20 22 17 9 21 23 7 10 14 6 16 9 7 21 13 24 7 18 21 13 7 21 10 10 15 4 6 24 24
24 24 24 24 24 24 24 24 4 9 22 10 14 19 21 20 5 7 14 3 9 22 7 9 24 24 24 24 24 24 24 24 24 24 24 24 24 24 24 24 24 24 24 24 24 24 24 24 24 24 24 24 24 24 24 24 24 14 13 12
22 6 14 10 13 5 10 14 20 4 24 24 24 24 24 24 24 20 9 17 5 24 21 14 16 19 10 23 6 4 14 4 7 21 7 22 10 7 4 16 16 23 20 4 13 9 21 14 4
>RAE1C_ARATH/17-179
14 20 20 20 21 5 9 6 5 22 5 14 6 3 20 20 20 13 16 6 9 5 6 16 23 23 6 16 21 23 23 21 5 21 9 24 24 24 24 24 16 14 21 13 23 21 10 20 9 24 24 24 24 24 24 24 24 24 24 5
14 13 21 14 20 12 21 18 9 23 4 5 12 10 13 16 13 23 21 23 23 4 17 17 13 5 4 19 5 21 20 20 22 17 9 22 23 9 10 6 6 16 7 7 21 13 24 7 18 21 13 7 21 10 12 15 4 6 24 24
24 24 24 24 24 24 24 24 9 7 22 7 14 21 20 22 5 7 14 4 9 19 9 10 24 24 24 24 24 24 24 24 24 24 24 24 24 24 24 24 24 24 24 24 24 24 24 24 24 24 24 24 24 24 24 24 6 14 13 4
22 1 23 4 14 5 12 4 20 4 24 24 24 24 24 24 24 9 10 17 5 24 21 14 16 16 10 23 6 4 14 23 7 20 7 22 10 10 22 16 16 6 21 5 13 9 21 14 12
>D8UA71_VOLCA/15-176
14 20 20 20 22 5 9 6 5 22 5 14 6 3 20 20 20 13 16 23 9 9 19 16 23 6 6 16 21 23 23 21 5 21 9 24 24 24 24 24 16 14 21 14 14 22 9 22 9 24 24 24 24 24 24 24 24 24 24 5
14 20 22 14 20 12 21 18 9 23 4 5 12 10 13 16 13 23 21 23 6 4 17 17 13 5 4 12 5 21 21 20 22 17 9 21 23 9 10 4 6 16 7 7 22 13 24 7 18 19 13 7 21 10 12 15 4 6 24 24
24 24 24 24 24 24 24 24 9 7 22 7 14 21 20 22 5 7 14 20 9 20 4 10 24 24 24 24 24 24 24 24 24 24 24 24 24 24 24 24 24 24 24 24 24 24 24 24 24 24 24 24 24 24 24 24 9 14 13 22
22 6 21 4 13 5 12 4 20 4 24 24 24 24 24 24 24 9 10 16 5 24 16 13 16 17 10 23 6 4 14 9 7 22 15 22 10 10 4 16 21 4 22 4 14 9 22 20 24
>YPT2_SCHPO/11-172
14 20 20 20 21 5 9 6 5 22 5 14 6 3 20 20 20 13 16 6 10 9 6 16 23 1 6 16 21 23 23 21 5 21 9 24 24 24 24 24 16 14 21 13 23 21 10 20 9 24 24 24 24 24 24 24 24 24 24 5
14 13 21 14 20 12 21 18 9 23 4 5 12 10 13 16 13 23 21 23 23 4 17 17 13 5 4 19 5 21 20 20 20 17 9 22 23 9 14 14 6 16 9 7 22 13 24 23 18 16 6 7 22 10 12 15 4 6 24 24
24 24 24 24 24 24 24 24 10 7 22 17 14 21 20 21 5 7 14 3 9 3 10 9 24 24 24 24 24 24 24 24 24 24 24 24 24 24 24 24 24 24 24 24 24 24 24 24 24 24 24 24 24 24 24 24 24 12 13 12
22 6 16 10 12 5 12 4 20 4 24 24 24 24 24 24 24 9 10 20 5 24 22 14 16 20 10 4 6 4 14 23 7 22 7 22 9 10 4 16 16 23 20 4 13 10 21 14 14
>SEC4_YEAST/22-182
14 21 20 20 21 5 9 6 5 22 5 14 6 3 20 20 22 13 16 22 10 9 14 16 7 1 6 16 21 23 23 21 5 21 9 24 24 24 24 24 16 14 21 14 23 22 9 21 7 24 24 24 24 24 24 24 24 24 24 5
14 14 22 14 20 12 20 18 9 23 4 5 12 10 13 16 13 23 21 23 23 4 17 17 13 5 4 19 5 21 21 20 22 17 9 22 23 9 10 13 23 16 23 7 21 14 24 12 18 16 14 23 22 7 10 15 4 7 24 24
24 24 24 24 24 24 24 9 10 24 4 12 20 20 20 22 5 7 14 6 9 19 10 24 24 24 24 24 24 24 24 24 24 24 24 24 24 24 24 24 24 24 24 24 24 24 24 24 24 24 24 24 24 24 24 24 24 23 13 22
22 23 4 9 12 5 10 4 20 4 24 24 24 24 24 24 24 14 10 20 5 24 21 1 16 21 10 6 6 4 14 7 9 9 7 22 7 10 21 16 16 23 20 4 14 20 21 12 10
>RB27A_RAT/11-183
14 16 20 4 20 5 9 6 5 22 5 14 23 6 22 20 17 12 17 23 9 5 14 16 7 6 14 16 21 23 23 22 5 21 9 24 24 24 24 24 16 13 10 14 13 22 22 17 13 4 7 5 1 9 5 23 22 5 13 5
12 13 21 15 20 12 20 18 9 23 4 5 12 10 13 16 13 6 20 23 23 4 16 16 13 9 4 19 5 16 20 20 20 16 9 20 23 7 10 12 6 16 20 7 22 13 24 7 18 21 6 12 20 12 19 15 4 17 24 24
24 24 24 24 24 24 24 3 10 7 1 9 21 22 20 3 5 7 14 6 9 20 10 9 24 24 24 24 24 24 24 24 24 24 24 24 24 24 24 24 24 24 24 24 24 24 24 24 24 24 24 24 24 24 24 24 24 12 13 4
22 14 10 10 10 4 13 10 20 4 24 24 24 24 24 24 24 10 14 17 5 24 21 1 17 16 10 23 6 4 4 7 5 23 7 21 6 12 4 21 10 19 20 20 9 20 21 19 14
>RAB3_DROME/23-184
14 20 20 21 21 5 7 6 6 22 5 14 23 6 16 20 16 13 17 4 9 9 6 16 23 6 4 16 22 6 23 22 5 21 9 24 24 24 24 24 16 14 22 14 23 22 16 13 15 24 24 24 24 24 24 24 24 24 24 9
14 13 22 14 20 12 21 18 9 23 4 5 12 10 13 17 13 23 21 23 23 4 17 17 13 5 4 19 5 16 21 20 19 17 9 22 23 7 10 9 6 16 7 6 22 12 24 9 18 22 23 12 21 14 23 17 6 18 24 24
24 24 24 24 24 24 24 24 9 7 4 12 22 21 20 22 5 7 14 3 9 19 10 9 24 24 24 24 24 24 24 24 24 24 24 24 24 24 24 24 24 24 24 24 24 24 24 24 24 24 24 24 24 24 24 24 24 12 13 22
21 6 16 10 13 5 13 12 20 4 24 24 24 24 24 24 24 9 12 20 5 24 22 10 16 16 10 23 6 4 14 10 7 22 7 22 14 4 22 16 10 13 20 22 9 21 21 3 9
>YPT1_YEAST/10-171
14 20 20 20 21 5 7 6 5 22 5 14 6 3 20 20 20 13 16 6 9 9 23 17 23 7 9 17 21 6 23 21 5 22 9 24 24 24 24 24 16 14 21 14 23 22 10 20 9 24 24 24 24 24 24 24 24 24 24 5
14 23 22 14 20 12 21 18 9 23 4 5 12 10 13 16 13 23 21 23 6 6 17 17 13 5 6 15 5 21 21 21 22 17 9 22 23 9 12 10 6 16 7 5 22 14 24 19 18 20 12 10 21 9 13 17 4 23 24 24
24 24 24 24 24 24 24 24 6 23 22 20 14 20 20 22 5 7 14 3 9 20 14 9 24 24 24 24 24 24 24 24 24 24 24 24 24 24 24 24 24 24 24 24 24 24 24 24 24 24 24 24 24 24 24 24 24 14 13 22
22 10 17 9 22 4 14 10 16 4 24 24 24 24 24 24 24 9 4 7 14 24 19 1 16 20 10 23 6 4 20 9 6 23 7 22 10 9 4 16 20 23 19 4 13 12 21 14 10
>RAB1B_DICDI/10-171
14 20 20 20 21 5 9 6 5 22 5 14 6 3 20 20 20 13 16 4 9 9 23 17 23 10 6 17 21 6 23 21 5 22 9 24 24 24 24 24 16 14 21 13 23 21 7 20 9 24 24 24 24 24 24 24 24 24 24 5
14 21 21 14 20 12 21 18 9 23 4 5 12 10 13 16 13 23 21 23 6 6 17 17 13 5 4 15 5 21 21 22 22 17 9 22 23 9 15 22 6 16 7 7 22 14 24 12 18 19 12 10 21 12 13 17 4 3 24 24
24 24 24 24 24 24 24 24 9 6 22 23 13 20 20 22 5 7 14 3 9 20 21 10 24 24 24 24 24 24 24 24 24 24 24 24 24 24 24 24 24 24 24 24 24 24 24 24 24 24 24 24 24 24 24 24 24 14 14 21
22 9 23 6 23 4 13 10 17 4 24 24 24 24 24 24 24 9 6 22 5 24 21 1 16 20 10 23 6 4 14 6 6 4 7 22 10 12 4 16 19 21 19 4 6 10 21 14 14
>RAD2A_ARATH/10-171
14 20 20 20 21 5 9 6 5 22 5 14 6 3 20 20 20 13 16 6 9 9 6 17 22 10 6 17 21 6 23 21 5 22 9 24 24 24 24 24 16 14 21 13 23 22 10 12 9 24 24 24 24 24 24 24 24 24 24 5
14 23 21 14 20 12 21 18 9 23 4 5 12 10 13 16 13 23 21 23 6 6 17 17 13 5 4 15 5 21 21 21 22 17 9 22 23 9 10 10 6 16 7 7 22 14 24 12 18 20 6 10 21 9 13 17 4 6 24 24
24 24 24 24 24 24 24 24 9 7 22 7 14 20 20 22 5 7 14 6 9 20 23 10 24 24 24 24 24 24 24 24 24 24 24 24 24 24 24 24 24 24 24 24 24 24 24 24 24 24 24 24 24 24 24 24 24 7 13 4
21 1 17 10 23 4 14 4 16 4 24 24 24 24 24 24 24 9 10 21 5 24 21 1 16 19 10 23 6 4 14 9 4 23 7 22 10 12 4 16 19 4 19 6 4 6 21 14 10
>RAB17_MOUSE/21-182
14 20 22 20 20 5 6 6 6 22 5 14 23 6 20 4 20 13 17 19 14 12 9 16 6 7 22 24 20 1 23 22 5 3 4 24 24 24 24 24 16 16 23 14 22 20 9 20 5 24 24 24 24 24 24 24 24 24 24 6
6 6 20 14 20 10 21 18 9 23 4 5 12 10 14 17 12 6 22 3 15 20 17 16 13 5 4 7 4 4 20 20 22 17 9 21 23 13 14 9 6 16 15 14 4 12 24 12 18 20 10 9 20 10 14 10 16 12 1 24
24 24 24 24 24 24 24 5 10 24 22 22 22 19 20 22 5 7 14 23 9 20 5 10 24 24 24 24 24 24 24 24 24 24 24 24 24 24 24 24 24 24 24 24 24 24 24 24 24 24 24 24 24 24 24 24 24 10 13 10
22 23 16 12 10 5 14 10 16 4 24 24 24 24 24 24 24 10 6 14 6 24 20 20 16 19 10 23 6 4 14 20 7 17 12 22 6 10 21 16 7 23 22 4 12 10 20 20 12
>YPT5_SCHPO/16-179
14 20 22 20 20 5 9 6 4 22 5 14 6 6 20 22 20 13 16 22 14 9 12 16 9 9 17 13 10 6 23 21 5 4 4 24 24 24 24 24 16 20 23 12 23 20 1 21 9 24 24 24 24 24 24 24 24 24 10 7
23 6 22 14 20 10 21 18 9 23 4 5 12 10 13 17 14 6 20 4 1 19 17 17 13 7 4 7 3 4 21 22 22 17 9 21 23 12 4 4 6 20 10 14 4 14 24 6 18 21 14 10 20 12 13 12 4 1 24 24
24 24 24 24 24 24 24 24 10 5 21 22 21 4 20 4 5 7 14 20 9 20 4 12 24 24 24 24 24 24 24 24 24 24 24 24 24 24 24 24 24 24 24 24 24 24 24 24 24 24 24 24 24 24 24 24 10 13 13 4
22 10 14 4 9 4 10 4 17 4 24 24 24 24 24 24 24 4 10 4 7 24 20 20 16 16 10 23 6 4 14 23 4 10 7 22 7 10 20 16 23 4 21 4 14 14 20 1 20
>YPT52_YEAST/5-195
14 20 22 20 20 5 9 6 6 22 5 14 6 6 21 22 15 13 16 22 14 9 23 16 9 10 20 13 10 6 23 21 5 4 4 24 24 24 24 24 16 20 6 12 6 21 23 21 15 1 7 9 5 24 24 7 10 23 14 9
22 22 21 14 16 10 21 18 9 23 4 5 12 10 13 17 14 6 20 4 1 19 17 17 13 7 4 7 4 4 20 22 22 17 9 21 23 12 10 9 6 20 12 14 4 13 24 7 18 22 9 10 20 14 7 14 22 5 9 24
24 24 24 24 24 24 24 9 9 24 20 22 21 17 20 20 5 7 14 22 9 20 3 12 10 23 1 6 23 10 23 6 1 9 24 24 24 24 24 24 24 24 24 24 24 24 24 6 7 10 5 5 9 10 10 12 14 22 13 4
21 6 23 10 10 4 14 12 17 4 24 24 24 24 24 24 24 12 10 12 5 24 20 20 16 13 10 22 6 4 14 23 5 10 5 22 14 10 21 16 12 9 21 5 10 14 20 17 9
>VPS21_YEAST/9-173
14 20 22 20 20 5 10 4 4 22 5 14 6 6 21 22 20 13 16 22 6 7 9 16 4 10 7 14 10 1 23 21 5 4 4 24 24 24 24 24 16 20 23 12 13 22 23 21 7 24 24 24 24 24 24 24 24 24 24 10
15 23 22 14 16 10 21 18 9 23 4 5 12 10 13 16 4 6 20 4 1 19 17 17 13 7 4 12 4 4 20 22 22 17 9 22 23 14 1 12 6 16 21 14 4 13 24 15 18 22 14 10 20 15 10 12 4 6 24 24
24 24 24 24 24 24 24 24 14 9 21 21 21 4 20 22 5 7 14 21 9 19 20 12 10 5 24 24 24 24 24 24 24 24 24 24 24 24 24 24 24 24 24 24 24 24 24 24 24 24 24 24 24 24 24 5 10 24 13 14
22 4 13 10 10 5 10 14 20 4 24 24 24 24 24 24 24 10 10 14 5 24 20 20 16 16 10 23 6 4 14 23 5 10 7 22 7 9 22 16 20 5 21 5 10 14 21 1 20
>YPT53_YEAST/14-181
14 22 22 20 20 5 10 6 4 22 5 14 6 6 21 22 20 13 16 22 6 9 9 16 14 10 6 14 10 1 23 21 5 4 4 24 24 24 24 24 16 20 23 14 13 21 23 13 9 24 24 24 24 24 24 24 24 24 24 5
14 22 21 14 16 10 21 18 9 23 4 5 12 10 13 16 4 1 20 4 1 19 17 17 13 7 4 12 4 4 20 22 22 16 9 22 23 7 10 5 6 16 17 14 4 12 24 7 18 22 10 10 20 15 10 14 22 5 24 24
24 24 24 24 24 24 24 24 15 9 21 22 21 4 20 22 5 7 14 19 9 20 20 7 7 9 9 24 24 24 24 24 24 24 24 24 24 24 24 24 24 24 24 24 24 24 24 24 24 24 24 24 24 10 7 10 7 24 13 4
19 14 4 1 4 22 12 7 20 3 24 24 24 24 24 24 24 10 13 10 7 24 20 20 17 16 10 4 6 4 14 23 5 10 7 21 17 12 21 16 12 23 20 5 10 14 22 1 3
>RAB5A_CANLF/22-183
14 20 22 20 20 5 10 6 4 22 5 14 6 6 20 22 20 13 16 22 14 5 12 16 15 10 16 12 10 6 23 21 5 4 4 24 24 24 24 24 16 20 23 12 23 22 3 20 9 24 24 24 24 24 24 24 24 24 24 9
23 23 22 14 16 10 21 18 9 23 4 5 12 10 13 17 15 6 20 4 1 19 17 17 13 5 4 12 4 4 21 22 22 17 9 21 23 7 10 10 6 16 4 13 4 14 24 7 18 22 14 10 20 12 13 12 4 6 24 24
24 24 24 24 24 24 24 24 1 7 21 22 21 4 20 6 5 7 14 4 9 20 4 7 24 24 24 24 24 24 24 24 24 24 24 24 24 24 24 24 24 24 24 24 24 24 24 24 24 24 24 24 24 24 24 24 24 14 13 4
22 9 16 12 10 4 12 6 17 4 24 24 24 24 24 24 24 9 9 7 6 24 20 20 16 19 10 23 6 4 14 23 6 19 7 22 7 10 21 16 19 4 21 4 14 14 20 1 14
>M1BXP0_SOLTU/12-171
14 20 22 20 20 5 9 19 5 4 5 14 6 6 20 22 21 13 16 22 14 5 12 16 20 10 16 12 10 6 23 21 5 4 4 24 24 24 24 24 16 16 6 6 23 22 6 22 7 24 24 24 24 24 24 24 24 24 24 7
6 23 22 14 16 10 21 18 9 23 4 5 12 10 13 17 15 6 20 4 1 19 17 17 13 5 4 4 4 4 21 21 22 17 9 21 23 6 23 9 6 16 4 13 4 14 24 14 18 22 12 10 20 12 14 12 5 7 24 24
24 24 24 24 24 24 24 24 1 7 19 22 19 4 20 23 5 7 14 4 9 20 10 9 24 24 24 24 24 24 24 24 24 24 24 24 24 24 24 24 24 24 24 24 24 24 24 24 24 24 24 24 24 24 24 24 24 14 13 14
22 23 4 10 10 4 13 20 17 4 24 24 24 24 24 24 24 10 10 7 5 24 20 16 16 19 10 23 6 4 14 23 4 4 7 22 7 9 21 16 17 10 21 4 14 13 20 24 24
>RAB21_DICDI/9-170
14 22 22 20 20 5 10 5 3 22 5 14 23 6 21 22 16 13 17 21 9 7 21 16 7 9 14 15 20 19 23 12 15 4 5 24 24 24 24 24 16 16 12 14 15 21 7 21 5 24 24 24 24 24 24 24 24 24 24 5
14 13 21 3 20 23 21 18 9 23 4 5 12 10 13 16 15 4 20 5 1 21 17 17 13 5 6 12 5 4 20 22 22 17 9 21 23 9 7 9 6 16 21 14 4 14 24 7 18 21 14 10 20 14 23 19 20 5 24 24
24 24 24 24 24 24 24 24 7 9 21 6 20 3 21 21 5 7 14 3 9 20 10 14 24 24 24 24 24 24 24 24 24 24 24 24 24 24 24 24 24 24 24 24 24 24 24 24 24 24 24 24 24 24 24 24 24 23 13 22
21 1 20 4 9 4 10 4 17 4 24 24 24 24 24 24 24 14 6 22 5 24 4 21 15 17 6 23 6 4 14 20 7 14 5 21 10 10 20 16 20 9 20 23 13 13 19 21 20
>RAB6A_CAEEL/13-174
14 20 22 16 20 5 10 12 6 22 5 14 23 6 21 21 23 13 16 19 17 9 6 16 9 7 23 17 12 4 23 21 5 21 9 24 24 24 24 24 16 20 6 14 23 19 17 20 10 24 24 24 24 24 24 24 24 24 24 9
13 23 21 13 20 12 20 18 9 23 4 5 12 10 13 16 13 6 20 21 1 6 17 21 13 9 6 6 22 4 22 22 22 17 9 21 23 7 4 7 6 16 15 12 23 23 24 14 18 22 9 9 22 13 7 10 13 5 24 24
24 24 24 24 24 24 24 24 3 9 22 21 21 22 20 22 5 7 14 23 9 20 4 9 24 24 24 24 24 24 24 24 24 24 24 24 24 24 24 24 24 24 24 24 24 24 24 24 24 24 24 24 24 24 24 24 24 14 13 12
22 6 23 10 9 5 10 14 14 4 24 24 24 24 24 24 24 13 9 20 7 24 22 19 16 21 10 23 6 4 14 4 5 17 7 22 14 12 20 16 13 14 21 4 23 4 20 1 5
>GSP1_YEAST/14-170
14 20 22 20 22 5 9 5 5 23 5 14 23 23 16 22 14 13 15 20 23 5 10 16 10 14 14 17 21 4 23 21 5 22 10 24 24 24 24 24 22 15 1 20 6 16 17 23 7 24 24 24 24 24 24 24 24 24 24 16
5 10 21 14 16 9 22 18 9 23 4 5 12 10 14 16 5 5 20 13 9 5 17 17 21 7 4 12 3 4 21 21 19 16 9 22 23 6 13 21 23 17 14 7 22 1 24 7 18 15 13 9 20 22 13 22 3 10 24 24
24 24 24 24 24 24 24 24 24 7 21 1 21 22 20 3 5 7 14 22 9 22 14 24 24 24 24 24 24 24 24 24 24 24 24 24 24 24 24 24 24 24 24 24 24 24 24 24 24 24 24 24 24 24 24 24 24 10 13 14
22 14 4 14 23 24 21 23 16 15 24 24 24 24 24 24 24 13 14 14 7 24 20 12 17 17 9 21 6 4 14 6 7 17 7 16 10 14 1 16 20 18 20 4 13 14 20 24 24
>A8BS62_GIAIC/8-182
14 22 21 20 22 5 9 5 4 23 5 14 23 23 16 22 23 13 15 21 23 5 10 16 13 14 12 17 21 6 23 21 5 22 10 21 13 12 20 1 16 17 22 4 5 12 6 3 1 24 24 24 24 24 24 24 24 24 7 5
13 10 22 20 20 7 22 15 9 23 4 5 12 10 14 16 5 5 20 13 9 5 17 17 22 9 6 9 4 3 20 20 16 16 9 22 23 7 13 22 23 17 14 7 22 10 24 6 18 17 13 9 22 16 13 21 3 1 23 13
13 9 4 6 23 5 10 10 14 1 20 4 21 22 20 22 5 7 14 3 9 22 14 9 24 24 24 24 24 24 24 24 24 24 24 24 24 24 24 24 24 24 24 24 24 24 24 24 24 24 24 24 24 24 24 24 24 24 13 10
21 13 23 12 23 22 14 24 16 15 24 24 24 24 24 24 24 13 6 14 7 24 21 1 17 22 10 21 6 4 14 9 7 16 7 17 10 20 1 21 20 6 21 20 13 23 20 20 24
>RACC_DICDI/8-181
14 20 22 22 21 5 9 5 4 22 5 14 23 3 20 20 21 6 17 4 7 7 13 16 1 10 9 17 21 1 23 22 24 16 9 24 24 24 24 24 7 17 22 22 7 20 23 4 5 24 24 24 24 24 24 24 24 24 24 9
13 7 21 10 20 5 20 18 9 23 4 5 12 10 10 17 9 14 20 13 1 20 6 17 4 7 4 7 22 16 20 21 3 16 6 21 23 7 1 22 6 16 10 7 22 17 23 14 18 17 1 10 22 19 15 16 3 1 24 24
24 24 24 24 24 24 24 24 10 24 22 1 12 21 20 22 5 23 14 20 9 23 13 9 9 13 5 22 20 9 24 24 24 24 24 24 24 24 24 24 24 24 24 24 24 24 24 24 24 24 14 20 12 12 23 5 15 24 14 1
21 23 23 10 12 5 7 9 20 4 24 24 24 24 24 24 24 13 13 21 14 4 21 14 17 19 10 3 6 4 14 23 6 12 7 20 14 12 22 16 9 10 4 21 14 6 22 20 16
>RHOG_MOUSE/5-178
14 3 22 22 22 5 9 5 4 22 5 14 23 3 20 20 21 3 17 23 23 7 4 16 1 14 10 17 21 1 23 22 24 16 9 24 24 24 24 24 7 17 6 4 12 6 4 22 9 24 24 24 24 24 24 24 24 24 24 5
13 23 22 7 20 7 20 18 9 23 4 5 12 10 10 17 9 13 20 13 23 20 6 17 1 12 23 7 22 16 22 21 3 16 6 21 4 6 1 1 6 17 10 7 22 13 15 14 18 15 1 10 22 3 15 15 3 1 24 24
24 24 24 24 24 24 24 24 24 9 22 1 21 20 20 22 5 23 14 14 9 20 13 4 12 1 9 23 20 13 24 24 24 24 24 24 24 24 24 24 24 24 24 24 24 24 24 24 24 24 13 20 14 10 12 5 12 24 4 1
21 23 1 12 12 5 12 4 20 4 24 24 24 24 24 24 24 14 12 21 15 4 22 13 17 20 10 3 6 4 20 12 12 9 5 22 14 10 22 16 4 10 4 22 13 4 22 20 7
>CDC42_CAEEL/5-178
14 3 22 22 22 5 9 5 4 22 5 14 23 3 20 20 21 6 17 23 23 7 14 16 1 6 10 17 22 1 23 22 24 16 9 24 24 24 24 24 7 17 4 22 23 22 19 21 5 24 24 24 24 24 24 24 24 24 24 5
10 1 17 23 20 5 20 16 9 23 4 5 12 10 9 17 9 13 20 13 1 20 6 17 1 12 23 9 22 16 20 22 3 16 6 22 22 4 1 4 6 16 10 7 22 13 10 14 18 22 1 10 21 6 15 15 3 6 24 24
24 24 24 24 24 24 24 24 14 24 23 1 16 20 20 22 5 23 12 22 9 20 13 9 9 1 5 19 20 10 24 24 24 24 24 24 24 24 24 24 24 24 24 24 24 24 24 24 24 24 14 20 4 14 7 14 12 24 14 1
22 6 23 9 22 5 10 14 20 4 24 24 24 24 24 24 24 14 10 20 14 4 22 14 17 22 10 3 6 4 20 23 12 14 5 20 14 7 22 16 9 10 4 21 20 4 4 20 9
>RACD_DICDI/10-183
14 22 22 22 22 5 9 5 4 22 5 14 23 6 20 20 21 20 17 23 23 14 4 16 1 14 9 17 22 1 23 22 24 16 9 24 24 24 24 24 7 16 7 3 20 10 19 17 9 24 24 24 24 24 24 24 24 24 24 7
14 1 22 7 20 22 20 18 9 23 4 5 12 10 9 17 9 7 20 13 1 20 6 17 1 12 23 9 22 16 21 21 3 17 6 22 22 14 13 9 6 20 9 7 21 14 17 14 18 20 1 10 21 7 12 23 7 12 24 24
24 24 24 24 24 24 24 24 24 5 23 1 21 21 20 22 5 23 14 23 9 20 13 10 9 14 14 23 20 6 24 24 24 24 24 24 24 24 24 24 24 24 24 24 24 24 24 24 24 24 24 12 20 12 10 6 14 12 10 1
22 6 13 9 10 5 22 4 20 4 24 24 24 24 24 24 24 14 10 21 5 4 22 12 16 16 10 3 6 4 20 23 5 7 5 22 7 9 21 16 4 4 4 21 14 4 4 16 7
>RACB_DICDI/5-178
14 20 22 22 22 5 9 5 4 22 5 14 23 3 20 20 21 6 17 23 6 7 6 16 1 23 10 17 22 1 23 22 24 16 9 24 24 24 24 24 7 17 6 4 7 22 19 22 9 24 24 24 24 24 24 24 24 24 24 7
14 23 22 6 20 5 20 18 9 23 4 5 12 10 9 17 9 13 20 13 1 20 6 17 1 12 23 9 22 16 20 21 3 16 4 21 21 6 12 23 6 17 23 7 22 14 6 14 18 18 1 10 22 23 15 15 3 1 24 24
24 24 24 24 24 24 24 24 24 7 3 23 21 21 20 22 5 23 14 3 9 20 13 10 9 14 10 6 20 10 24 24 24 24 24 24 24 24 24 24 24 24 24 24 24 24 24 24 24 24 14 20 13 10 14 15 12 24 12 1
20 23 16 12 12 5 10 12 19 4 24 24 24 24 24 24 24 14 10 21 14 4 16 3 17 19 10 3 6 4 20 23 12 14 5 20 14 12 22 16 9 10 4 21 14 4 22 21 16
>RHO2_YEAST/9-179
14 20 22 21 21 5 9 5 4 3 5 14 23 6 20 20 17 22 16 23 20 5 14 16 1 10 12 17 15 1 23 22 24 16 10 24 24 24 24 24 7 17 22 23 9 3 13 22 9 24 24 24 24 24 24 24 24 24 24 5
21 14 22 6 20 23 20 18 9 23 4 5 12 10 10 17 10 13 20 13 1 16 6 17 6 14 4 9 21 21 20 21 5 16 4 22 9 7 16 10 6 20 21 7 4 13 23 14 18 4 9 10 4 20 13 17 3 1 24 24
24 24 24 24 24 24 24 24 24 9 4 1 21 22 20 22 5 20 14 14 9 20 13 12 10 4 15 16 14 24 24 24 24 24 24 24 24 24 24 24 24 24 24 24 24 24 24 24 24 24 24 24 10 7 4 23 9 24 10 19
22 1 21 10 9 4 14 12 22 4 24 24 24 24 24 24 24 13 4 21 5 4 14 14 17 19 10 3 6 4 20 23 5 10 5 22 9 9 22 16 10 22 4 23 13 23 6 20 20
>RHO3_YEAST/18-212
14 21 22 21 20 5 9 5 4 3 5 14 23 6 20 20 7 22 16 23 13 5 17 16 1 10 22 17 10 1 23 22 24 16 10 24 24 24 24 24 7 17 21 15 9 21 16 22 9 24 24 24 24 24 24 24 24 24 24 6
14 15 21 23 20 6 20 18 9 23 4 5 12 10 10 16 9 13 20 13 6 20 6 17 6 9 23 12 3 21 19 20 3 16 6 21 9 6 13 9 6 20 10 7 22 12 7 14 18 22 5 10 21 23 9 15 3 10 24 24
24 24 24 24 24 24 24 24 24 5 22 14 20 22 20 22 4 20 14 3 9 20 13 7 7 10 7 10 6 7 4 21 23 1 7 7 21 12 12 9 7 6 22 6 7 9 7 5 7 7 21 7 6 23 6 7 5 14 7 20
21 6 17 10 10 5 20 4 19 4 24 24 24 24 24 24 24 14 14 21 5 4 20 13 17 20 10 3 6 4 14 20 7 14 5 22 7 10 4 16 23 10 4 4 13 22 4 20 23
>RHOA_CANLF/7-180
14 20 22 21 22 5 9 5 4 3 5 14 23 3 20 20 21 22 16 6 14 9 12 16 1 10 22 17 22 1 23 22 24 16 10 24 24 24 24 24 7 17 22 4 9 21 10 22 9 24 24 24 24 24 24 24 24 24 24 5
14 12 22 10 20 4 20 18 9 23 4 5 12 10 9 17 9 13 20 13 1 20 6 17 1 9 23 9 22 21 20 19 3 16 6 21 9 6 1 9 6 20 10 7 21 1 10 14 18 23 1 10 22 14 15 16 3 1 24 24
24 24 24 24 24 24 24 24 24 7 22 1 21 21 20 22 5 7 14 14 9 20 13 7 9 10 15 23 13 13 24 24 24 24 24 24 24 24 24 24 24 24 24 24 24 24 24 24 24 24 10 20 4 14 19 14 12 24 10 1
22 14 1 23 10 5 13 9 19 4 24 24 24 24 24 24 24 7 13 21 5 4 16 5 17 19 10 3 6 4 14 23 14 9 5 22 13 10 22 16 10 19 4 23 13 4 4 20 12
>RHO4_YEAST/74-240
14 21 22 22 22 5 9 5 4 22 5 14 23 3 20 20 21 6 17 22 12 5 23 16 1 23 9 17 21 1 23 21 24 16 10 24 24 24 24 24 7 17 22 23 7 21 10 5 1 24 24 24 24 24 24 24 24 24 7 5
12 21 21 10 20 4 20 18 9 23 4 5 12 10 10 17 6 13 20 13 1 20 6 17 23 7 4 9 22 20 19 22 3 17 6 22 5 6 14 23 6 20 14 7 22 10 9 20 18 16 1 10 22 14 15 16 3 1 24 24
24 24 24 24 24 24 24 24 24 6 23 1 21 19 20 22 5 20 14 6 9 20 17 10 4 9 24 24 24 24 24 24 24 24 24 24 24 24 24 24 24 24 24 24 24 24 24 24 24 24 24 24 24 24 24 7 20 6 9 20
22 10 1 6 6 4 10 6 20 4 24 24 24 24 24 24 24 14 13 20 5 4 16 4 15 21 12 3 6 4 13 20 14 10 7 21 9 10 22 16 10 23 4 21 15 23 20 20 6
>RAPA_DICDI/7-169
14 21 22 22 20 5 6 5 5 22 5 14 6 4 20 23 22 12 16 22 12 5 21 16 22 10 14 17 9 1 23 21 24 10 9 24 24 24 24 24 6 17 13 14 12 22 10 22 9 24 24 24 24 24 24 24 24 24 24 6
7 12 3 19 20 10 21 20 9 23 4 5 23 10 12 16 23 4 19 13 9 20 17 19 14 7 5 12 5 16 22 20 22 17 6 21 21 6 7 6 23 16 7 10 20 1 24 9 20 13 10 12 21 20 13 22 14 9 3 24
24 24 24 24 24 24 24 10 9 24 22 1 19 22 20 22 5 7 14 3 9 20 15 9 24 24 24 24 24 24 24 24 24 24 24 24 24 24 24 24 24 24 24 24 24 24 24 24 24 24 24 24 24 24 24 24 24 12 13 22
21 6 23 10 12 5 10 10 20 4 24 24 24 24 24 24 24 13 14 16 5 9 3 17 16 20 10 4 6 4 14 7 14 22 7 22 10 12 21 16 17 7 20 21 13 12 21 7 13
>RAP2A_HUMAN/5-166
14 22 22 22 20 5 6 5 5 22 5 14 6 4 20 23 22 12 16 22 23 5 23 16 21 10 14 17 9 1 23 21 24 10 9 24 24 24 24 24 16 17 13 14 10 21 10 22 9 24 24 24 24 24 24 24 24 24 24 6
6 1 6 22 20 10 21 20 9 23 4 5 23 10 12 16 4 6 19 13 9 20 17 21 14 7 5 12 5 16 21 20 22 17 6 20 22 7 12 12 6 16 12 9 21 14 24 1 19 13 9 12 21 21 13 22 14 13 17 24
24 24 24 24 24 24 24 10 14 24 22 1 22 21 20 22 5 7 14 22 9 20 10 6 24 24 24 24 24 24 24 24 24 24 24 24 24 24 24 24 24 24 24 24 24 24 24 24 24 24 24 24 24 24 24 24 24 10 13 10
22 6 6 6 10 5 13 4 20 4 24 24 24 24 24 24 24 10 10 18 5 24 3 1 16 19 10 23 6 4 14 6 14 23 19 22 9 10 20 16 4 10 21 22 13 12 19 7 17
>LET60_CAEEL/5-165
14 20 22 22 22 5 9 5 5 22 5 14 6 4 20 23 21 12 20 21 12 7 15 16 22 10 10 17 9 1 23 21 24 10 9 24 24 24 24 24 6 17 13 14 12 22 22 21 9 24 24 24 24 24 24 24 24 24 24 5
10 23 3 20 20 9 21 20 9 23 4 5 12 10 10 17 6 4 19 13 9 12 17 19 13 23 5 10 5 16 20 20 22 16 4 22 7 10 4 14 6 16 10 7 22 4 24 7 17 13 10 12 21 13 13 22 14 9 6 24
24 24 24 24 24 24 24 9 9 24 22 1 19 22 20 22 5 7 14 3 9 20 6 24 24 24 24 24 24 24 24 24 24 24 24 24 24 24 24 24 24 24 24 24 24 24 24 24 24 24 24 24 24 24 24 24 24 6 13 6
22 9 16 13 23 22 6 10 23 4 24 24 24 24 24 24 24 14 5 17 5 24 21 1 7 22 9 23 6 4 14 23 13 19 5 22 9 10 4 16 17 23 20 22 13 10 21 13 14
>F0ZWE6_DICPU/5-165
14 20 22 21 22 5 5 5 5 22 5 14 6 4 20 23 21 12 20 21 12 7 15 16 21 9 10 17 9 1 23 21 24 10 9 24 24 24 24 24 6 17 13 14 12 22 23 21 9 24 24 24 24 24 24 24 24 24 24 10
10 23 3 20 20 9 21 20 9 23 4 5 12 10 10 17 6 4 19 13 9 12 17 19 13 23 5 12 5 16 20 3 22 17 6 21 23 6 13 6 6 16 9 10 21 4 24 6 16 13 10 12 21 20 13 22 14 9 24 24
24 24 24 24 24 24 24 14 9 13 22 1 19 21 22 22 5 7 14 3 9 20 10 6 24 24 24 24 24 24 24 24 24 24 24 24 24 24 24 24 24 24 24 24 24 24 24 24 24 24 24 24 24 24 24 24 24 9 13 12
22 23 23 5 10 5 12 9 20 4 24 24 24 24 24 24 24 14 6 16 5 24 3 1 16 20 10 23 6 4 14 21 13 22 7 22 10 10 4 16 17 6 20 22 13 10 21 13 24
>RASC_DICDI/6-168
14 20 22 21 22 5 9 5 5 22 5 14 6 4 20 23 21 12 20 23 12 7 12 16 21 4 10 17 9 1 23 21 24 10 7 24 24 24 24 24 6 17 13 14 12 22 7 21 9 24 24 24 24 24 24 24 24 24 24 10
10 22 17 19 20 9 21 20 9 23 4 5 12 10 10 17 6 4 19 13 9 12 17 21 13 6 5 13 5 16 20 21 22 17 6 21 21 6 13 4 6 16 10 4 22 23 24 23 16 13 10 12 21 20 13 22 14 9 20 24
24 24 24 24 24 24 24 6 23 24 17 1 21 22 21 21 5 7 14 4 9 20 1 9 24 24 24 24 24 24 24 24 24 24 24 24 24 24 24 24 24 24 24 24 24 24 24 24 24 24 24 24 24 24 24 24 14 9 13 14
22 1 1 19 10 5 14 10 20 4 24 24 24 24 24 24 24 14 6 16 5 24 4 1 16 20 10 23 6 4 14 6 13 22 7 22 10 10 4 16 16 23 20 22 13 10 21 14 13
>S2KBC5_MUCC1/12-172
14 20 22 19 22 5 5 5 5 22 5 14 6 4 20 23 21 12 16 21 12 6 15 16 22 9 10 17 9 1 23 21 24 10 9 24 24 24 24 24 6 17 13 14 12 3 22 21 9 24 24 24 24 24 24 24 24 24 24 6
10 23 4 20 20 9 22 20 9 23 4 5 12 10 10 17 6 4 19 13 10 12 17 19 13 7 5 10 5 16 20 20 22 17 6 21 23 6 13 20 6 16 10 10 21 23 24 23 16 17 12 12 21 3 13 22 14 9 24 24
24 24 24 24 24 24 24 13 9 17 16 1 19 22 20 22 5 7 14 3 9 20 10 5 24 24 24 24 24 24 24 24 24 24 24 24 24 24 24 24 24 24 24 24 24 24 24 24 24 24 24 24 24 24 24 24 24 9 13 12
22 6 6 12 10 5 13 9 20 4 24 24 24 24 24 24 24 14 7 16 5 24 3 12 16 21 10 23 6 4 14 12 13 21 7 22 9 10 4 16 16 10 22 22 13 9 21 13 24
>RAS_SCHPO/10-171
14 20 22 22 22 5 9 5 5 22 5 14 6 4 20 23 21 12 20 21 12 6 15 16 22 9 10 17 9 1 23 21 24 10 9 24 24 24 24 24 6 17 13 14 14 3 10 21 9 24 24 24 24 24 24 24 24 24 24 5
10 5 4 20 20 9 22 20 9 23 4 5 12 10 10 17 6 4 19 13 10 12 17 19 13 23 5 10 5 16 20 20 22 17 7 21 23 6 13 6 6 16 9 10 21 6 24 23 16 17 12 12 21 20 13 22 14 9 14 24
24 24 24 24 24 24 24 9 23 24 16 1 22 22 20 22 4 7 14 3 9 20 10 4 24 24 24 24 24 24 24 24 24 24 24 24 24 24 24 24 24 24 24 24 24 24 24 24 24 24 24 24 24 24 24 24 24 10 13 22
22 6 13 4 10 5 10 12 20 4 24 24 24 24 24 24 24 14 6 19 15 24 3 20 17 22 10 23 6 4 14 20 13 20 7 22 10 10 4 16 17 6 20 22 13 23 21 13 13
>RAS1_NEUCR/10-171
14 20 22 22 22 5 5 5 5 22 5 14 6 3 20 23 21 12 20 21 12 5 15 16 20 9 10 17 9 1 23 21 24 10 9 24 24 24 24 24 6 17 13 14 12 3 23 21 9 24 24 24 24 24 24 24 24 24 24 7
10 22 4 20 20 9 21 20 9 23 4 5 12 10 10 17 6 4 19 13 10 12 17 19 13 23 5 10 5 16 20 20 22 16 4 21 7 6 13 10 6 16 10 10 21 13 24 21 17 12 12 12 21 20 13 22 14 9 13 24
24 24 24 24 24 24 24 9 6 24 16 1 19 21 21 22 5 7 14 17 9 20 13 5 24 24 24 24 24 24 24 24 24 24 24 24 24 24 24 24 24 24 24 24 24 24 24 24 24 24 24 24 24 24 24 24 24 10 13 22
22 6 10 12 10 5 12 4 20 4 24 24 24 24 24 24 24 4 10 16 5 24 23 14 17 21 10 23 6 4 14 23 12 15 7 22 10 7 4 16 17 9 20 22 13 10 21 13 14
>RRAS_HUMAN/31-192
14 20 22 22 22 5 5 5 5 22 5 14 6 4 20 23 21 12 16 21 12 6 17 16 22 6 9 17 9 1 23 21 24 10 9 24 24 24 24 24 6 17 23 14 21 3 6 22 9 24 24 24 24 24 24 24 24 24 24 5
21 1 4 13 20 9 21 20 9 23 4 5 12 10 10 16 5 4 19 13 10 12 17 19 13 4 5 15 5 16 20 20 22 16 4 21 7 9 13 12 6 16 7 10 22 5 24 14 20 16 23 12 21 20 13 22 14 9 13 24
24 24 24 24 24 24 24 9 9 24 16 1 22 22 20 22 5 7 14 4 9 20 10 6 24 24 24 24 24 24 24 24 24 24 24 24 24 24 24 24 24 24 24 24 24 24 24 24 24 24 24 24 24 24 24 24 24 12 13 12
22 1 13 6 10 4 6 4 16 5 24 24 24 24 24 24 24 4 6 15 15 24 22 4 17 16 10 4 6 4 14 20 13 20 7 22 9 10 4 16 10 12 20 22 13 4 22 13 14
>RAS2_DROME/7-168
14 20 22 22 22 5 5 5 5 22 5 14 6 4 21 23 21 12 16 21 12 6 17 16 22 23 9 17 9 1 23 21 24 10 9 24 24 24 24 24 6 17 23 14 12 3 7 21 9 24 24 24 24 24 24 24 24 24 24 9
22 1 4 14 20 9 21 20 9 23 4 5 12 10 10 16 6 4 19 13 10 12 17 19 13 6 5 10 5 16 20 20 22 16 4 20 7 9 15 6 6 16 9 10 21 1 24 14 16 12 13 12 21 20 13 22 14 9 13 24
24 24 24 24 24 24 24 9 10 24 16 1 19 20 19 22 5 7 14 3 9 20 14 15 24 24 24 24 24 24 24 24 24 24 24 24 24 24 24 24 24 24 24 24 24 24 24 24 24 24 24 24 24 24 24 24 24 12 12 12
22 6 20 10 10 4 12 7 23 6 24 24 24 24 24 24 24 13 7 20 19 24 21 1 17 21 10 3 6 4 14 20 13 22 7 22 9 12 4 16 15 10 20 22 13 21 22 13 14
>RAS2_YEAST/12-173
14 20 22 22 22 5 5 5 5 22 5 14 6 4 20 23 21 12 20 23 12 6 15 16 22 9 10 17 9 1 23 21 24 10 9 24 24 24 24 24 6 17 13 14 12 22 22 21 9 24 24 24 24 24 24 24 24 24 24 9
10 22 6 21 20 9 21 20 9 23 4 5 12 10 10 17 6 4 19 13 10 12 17 19 13 7 5 10 5 16 20 20 22 17 6 21 23 6 14 6 6 20 9 10 20 19 24 23 17 17 12 12 21 20 13 22 14 9 23 24
24 24 24 24 24 24 24 9 17 24 22 1 21 22 22 22 5 7 14 6 9 20 10 7 24 24 24 24 24 24 24 24 24 24 24 24 24 24 24 24 24 24 24 24 24 24 24 24 24 24 24 24 24 24 24 24 24 10 14 12
22 6 17 12 9 5 20 7 19 4 24 24 24 24 24 24 24 14 12 19 7 24 4 1 16 20 10 23 6 4 14 12 4 21 7 22 10 10 4 16 17 23 20 4 13 20 22 13 9
>RASS_DICDI/5-166
14 20 22 20 22 5 1 5 5 22 5 14 6 3 20 23 21 12 16 21 4 12 14 16 22 9 10 17 9 1 23 20 24 10 9 24 24 24 24 24 6 17 13 14 12 23 23 22 9 24 24 24 24 24 24 24 24 24 24 5
10 10 3 20 20 9 21 17 9 23 4 5 12 10 9 16 6 4 22 13 9 12 17 19 13 23 5 10 5 16 20 3 22 17 6 21 23 17 20 12 6 16 14 10 21 15 24 13 20 15 7 15 20 20 14 22 14 9 20 24
24 24 24 24 24 24 24 9 6 24 22 1 16 22 20 22 5 7 14 3 9 20 7 10 24 24 24 24 24 24 24 24 24 24 24 24 24 24 24 24 24 24 24 24 24 24 24 24 24 24 24 24 24 24 24 24 24 17 13 10
22 6 23 4 10 5 10 10 20 4 24 24 24 24 24 24 24 14 14 20 7 24 3 14 16 20 10 23 6 4 14 10 13 21 7 22 6 10 6 16 17 10 20 22 13 10 22 14 14
>RALA_HUMAN/16-177
14 22 21 19 22 5 6 5 5 22 5 14 6 4 20 23 20 12 16 19 17 9 10 16 22 10 9 17 10 1 23 14 24 4 9 24 24 24 24 24 6 17 13 14 14 22 22 20 9 24 24 24 24 24 24 24 24 24 24 5
10 10 22 12 21 9 21 20 9 23 4 5 12 10 9 17 4 4 21 13 9 7 17 16 13 6 5 10 5 16 20 3 22 16 6 21 23 10 19 10 6 16 4 4 23 4 24 9 16 13 10 12 21 20 13 22 14 10 24 24
24 24 24 24 24 24 24 9 10 7 22 1 16 20 20 22 5 7 14 6 9 20 10 9 24 24 24 24 24 24 24 24 24 24 24 24 24 24 24 24 24 24 24 24 24 24 24 24 24 24 24 24 24 24 24 24 24 14 13 12
22 6 22 10 10 4 14 7 13 4 24 24 24 24 24 24 24 10 12 18 7 24 22 7 17 22 10 23 6 4 14 23 13 4 7 22 9 14 22 16 16 9 20 19 13 10 21 13 4
>RHEB_YEAST/18-191
14 21 4 20 21 5 4 13 7 22 5 14 23 23 20 23 22 13 16 22 10 6 13 16 22 10 6 17 17 1 23 21 24 10 7 24 24 24 24 24 10 16 23 13 21 21 1 17 14 24 24 24 24 24 24 24 24 24 24 6
15 9 3 23 20 10 21 20 9 23 4 5 12 9 10 22 6 20 20 7 21 14 6 20 23 5 22 13 5 21 21 20 3 17 6 21 21 7 13 4 6 16 9 20 21 1 24 21 20 18 9 14 20 22 9 12 20 5 14 24
24 24 24 24 24 24 24 9 7 24 20 1 22 21 20 22 5 23 14 4 9 20 5 13 6 23 14 24 24 24 24 24 24 24 24 24 24 24 24 24 24 24 24 24 24 24 24 24 24 24 24 24 24 24 5 22 14 24 13 3
22 23 14 4 10 5 10 14 20 4 6 23 21 5 6 12 9 14 13 7 12 24 4 4 16 21 10 3 6 4 10 20 9 17 7 22 10 10 23 16 19 20 20 20 14 12 19 10 13
>RHEB1_CAEEL/15-176
14 22 4 22 19 5 17 1 15 22 5 14 6 4 20 22 20 13 16 23 12 7 21 16 1 10 13 17 10 6 23 21 24 10 9 24 24 24 24 24 12 15 6 14 15 21 4 4 16 24 24 24 24 24 24 24 24 24 24 15
13 9 17 15 20 13 22 23 9 23 4 5 12 12 10 17 23 22 16 1 13 6 3 6 20 9 21 7 5 16 21 20 22 17 4 21 9 9 13 14 6 16 10 19 3 6 24 7 21 17 10 14 21 22 13 23 17 5 24 24
24 24 24 24 24 24 24 9 23 6 21 1 21 22 21 22 5 7 14 23 9 20 6 23 24 24 24 24 24 24 24 24 24 24 24 24 24 24 24 24 24 24 24 24 24 24 24 24 24 24 24 24 24 24 24 24 24 12 13 22
22 13 4 10 10 5 10 10 20 4 24 24 24 24 24 24 24 13 12 18 9 24 4 14 16 22 10 21 23 4 13 10 6 7 13 22 15 10 22 16 10 20 20 20 13 10 21 10 21
