>MKK1_YEAST/221-488
21 10 23 20 5 21 20 5 10 5 4 5 5 6 22 24 24 6 14 3 14 20 14 7 5 6 14 21 16 4 20 14 22 21 7 23 20 7 23 9 1 10 17 12 24 24 24 24 24 24 14 12 21 16 13 10 20 12 16 7
13 6 16 12 24 24 24 6 10 17 21 22 13 17 17 5 19 16 23 9 9 24 24 24 24 24 24 24 24 24 24 24 10 7 6 6 21 17 24 24 21 4 19 10 17 19 5 5 13 6 20 9 4 21 17 14 7 20 20 10
24 24 24 24 24 24 24 13 5 5 13 24 21 6 10 14 24 24 24 24 24 24 24 22 20 5 24 14 21 4 10 4 22 20 13 5 20 6 17 20 15 24 10 14 14 24 24 24 22 21 15 13 9 21 14 1 12 7 21 20
20 7 24 10 24 24 24 24 24 24 24 24 24 24 7 5 12 24 24 24 24 24 24 24 24 22 14 20 3 9 16 5 22 6 5 10 4 22 7 6 20 24 24 24 24 24 24 24 24 24 24 24 24 24 24 24 24 24 24 24
24 4 23 23 16 23 5 23 6 16 17 19 4 1 10 13 21 24 24 24 24 24 24 24 24 24 24 12 5 24 24 24 12 1 17 24 6 22 23 6 9 22 18 6 20 5 20 23 21 20 10 22 4 7 5 14 16 1 3 6
24 24 24 24 6 10 14 19 4 4 7 21 4 1 24 24 16 10 20 20 19 18 21 20 23 24 24 24 24 24 24 24 24 24 16 23 1 10 20 14 9 10 1 10 6 7 21 21 24 24 24 24 24 24 24 24 24 24 24 24
24 24 24 24 24 24 24 24 24 24 24 24 24 24 24 24 24 24 24 24 24 24 18 6 1 6 16 14 6 16 21 9 17 3 20 14 14 9 6 13 10 13 1 6 24 24 24 24 24 1 13 12 19 21 7 15 1 18 21
>STE7_YEAST/191-466
20 22 12 20 5 14 21 5 4 5 7 6 5 23 22 24 24 22 14 4 20 15 22 1 9 6 14 21 22 4 14 14 23 21 1 22 10 12 7 7 6 23 21 21 24 24 24 24 24 24 7 12 20 22 13 10 20 6 21 22
14 7 22 14 24 24 1 15 10 7 21 21 23 16 17 5 4 17 17 7 12 24 24 24 24 24 24 24 24 24 24 15 21 7 7 10 21 21 24 24 21 20 19 10 17 6 9 3 5 6 24 24 24 24 20 9 14 21 20 6
22 17 14 24 13 16 22 12 13 5 23 24 22 6 6 14 14 23 18 16 7 10 20 23 21 6 24 14 21 4 17 5 22 20 7 5 20 9 15 20 17 13 12 17 14 24 24 24 21 21 15 13 9 21 14 1 6 7 22 20
21 7 24 6 24 24 24 24 24 24 24 24 24 24 14 5 12 24 24 24 24 24 24 24 24 21 14 20 3 9 16 5 22 6 14 14 20 21 7 6 21 24 24 24 24 24 24 24 24 24 24 24 24 24 24 24 24 24 24 24
24 4 9 23 16 22 5 23 6 23 17 19 6 1 10 13 21 24 24 24 24 24 24 24 24 24 24 12 5 24 24 24 7 22 17 24 6 21 14 5 9 22 18 6 20 5 20 19 21 21 10 20 22 23 5 10 16 1 20 5
5 15 7 9 23 1 9 5 21 20 9 20 20 12 24 24 24 24 24 24 24 24 24 24 24 24 24 24 24 24 24 24 24 24 13 21 22 7 10 1 6 1 13 20 1 14 9 13 24 24 24 24 24 24 24 24 24 24 24 24
24 24 24 24 24 24 24 24 24 24 24 24 24 24 24 24 24 24 24 24 24 21 17 6 14 10 19 23 9 16 22 7 13 3 3 21 14 7 10 13 10 13 6 6 24 24 24 24 24 21 15 10 20 20 15 15 9 20 21
>BYR1_SCHPO/66-320
20 10 22 22 13 15 20 5 10 5 7 5 5 4 22 24 24 6 20 22 14 24 24 15 13 7 21 16 19 4 13 14 23 22 17 22 5 6 9 6 14 20 12 24 24 24 24 24 24 24 14 12 21 20 13 10 20 5 22 20
15 15 3 13 24 24 24 6 1 17 21 22 5 16 17 5 4 16 12 17 24 24 24 24 24 24 24 24 24 24 24 24 24 14 7 7 21 6 24 24 20 3 19 10 17 19 9 3 5 6 24 24 24 24 20 9 4 21 20 13
24 24 24 24 24 24 24 10 5 5 1 24 21 1 20 9 24 24 24 24 24 24 24 21 20 5 24 14 21 21 7 6 19 22 14 5 20 21 17 20 17 7 22 20 15 24 24 24 21 21 15 13 9 20 14 1 6 7 22 22
22 7 24 6 24 24 24 24 24 24 24 24 24 24 13 5 10 24 24 24 24 24 24 24 24 21 14 20 3 9 16 5 22 6 5 10 20 22 7 6 22 24 24 24 24 24 24 24 24 24 24 24 24 24 24 24 24 24 24 24
24 4 12 23 16 22 5 23 6 23 17 19 6 1 10 13 21 24 24 24 24 24 24 24 24 24 24 13 5 24 24 24 5 14 17 24 23 22 14 6 9 21 18 6 20 5 21 6 21 21 10 20 4 23 12 10 20 1 18 6
24 24 24 24 24 24 24 24 16 6 7 21 9 9 24 24 6 21 5 21 20 9 20 20 15 24 24 24 24 24 24 24 24 24 3 21 22 12 10 10 1 1 13 20 1 6 6 24 24 24 24 24 24 24 24 24 24 24 24 24
24 24 24 24 24 24 24 24 24 24 24 24 24 24 24 24 24 24 24 24 24 24 16 1 10 9 20 13 20 16 22 9 4 3 20 15 14 9 1 23 20 13 4 6 24 24 24 24 24 1 12 12 20 3 4 19 1 17 16
>STE20_YEAST/620-871
17 4 7 20 22 14 21 5 12 5 4 6 5 5 22 24 24 17 23 4 17 10 21 5 23 7 22 6 22 4 21 14 12 19 7 20 10 14 12 1 14 14 10 20 24 24 24 24 24 24 24 24 21 21 7 10 21 20 22 19
14 5 6 14 24 24 24 15 1 7 21 22 7 16 21 9 6 17 22 20 24 24 24 24 24 24 24 24 24 24 24 24 24 14 5 9 20 18 24 24 22 21 19 10 17 19 10 5 5 6 24 24 24 24 20 23 9 22 22 24
24 24 24 24 24 24 24 23 15 3 21 24 20 23 10 5 24 24 24 24 24 24 24 12 21 5 24 4 22 3 13 10 23 20 6 5 20 10 16 20 15 24 6 14 5 24 24 24 22 20 15 13 9 21 14 6 9 7 21 20
20 6 24 19 24 24 24 24 24 24 24 24 24 24 10 5 9 24 24 24 24 24 24 24 24 21 14 20 23 9 16 5 16 3 4 12 21 7 10 20 7 20 24 24 24 24 24 24 24 24 24 24 24 24 24 24 24 24 24 24
14 13 23 23 19 22 5 23 1 17 18 19 4 1 10 22 22 24 24 24 24 24 24 24 24 24 24 6 13 24 24 24 14 10 17 24 5 1 14 22 9 21 18 6 20 5 21 19 21 21 10 19 21 10 5 10 1 1 17 20
24 24 24 24 24 24 24 24 24 24 24 24 7 10 23 1 20 13 4 20 17 20 21 4 24 24 24 24 24 24 24 24 24 24 23 7 5 23 1 14 20 14 10 1 10 7 20 24 24 24 24 24 24 24 24 24 24 24 24 24
24 24 24 24 24 24 24 24 24 24 24 24 24 24 24 24 24 24 24 24 24 24 24 6 6 6 20 14 14 16 20 9 18 3 20 3 22 10 1 10 9 13 4 6 24 24 24 24 24 4 23 10 20 20 15 9 10 17 21
>CDC15_YEAST/25-272
17 15 20 14 12 22 21 5 13 5 6 17 5 22 22 24 24 17 14 4 21 7 14 15 23 9 12 22 22 4 21 14 10 22 22 17 10 7 9 10 10 20 7 9 24 24 24 24 24 24 24 24 21 19 4 10 21 6 20 20
14 7 20 7 24 24 24 15 7 7 21 22 14 17 15 5 16 21 13 14 24 24 24 24 24 24 24 24 24 24 24 24 24 6 17 10 20 17 24 24 21 20 20 10 17 3 4 7 5 6 24 24 24 24 20 13 13 20 21 6
24 24 24 24 24 24 24 13 6 6 23 5 20 6 10 7 24 24 24 24 24 24 24 10 6 14 24 23 17 22 23 12 23 20 20 5 20 14 17 20 15 24 5 10 5 24 24 24 22 21 15 13 9 21 14 4 4 7 21 20
20 6 24 24 24 24 24 24 24 24 24 24 24 24 4 9 7 24 24 24 24 24 24 24 23 22 14 20 4 9 16 5 22 6 23 21 22 7 6 6 24 24 24 24 24 24 24 24 24 24 24 24 24 24 24 24 24 24 24 24
24 4 20 23 20 4 5 23 20 7 18 19 4 1 10 21 20 24 24 24 24 24 24 24 24 24 24 5 7 24 24 24 13 5 4 24 6 23 20 6 9 21 18 6 20 5 4 23 22 22 10 19 20 23 14 7 1 1 17 15
7 20 23 9 4 7 21 17 17 4 22 10 7 9 24 24 24 24 24 24 24 24 24 24 24 24 24 24 24 24 24 24 24 24 24 24 24 24 24 23 17 17 1 1 6 6 16 24 24 24 24 24 24 24 24 24 24 24 24 24
24 24 24 24 24 24 24 24 24 24 24 24 24 24 24 24 24 24 24 24 24 24 24 6 10 1 20 14 9 16 20 6 14 3 16 22 14 7 19 17 14 13 1 23 24 24 24 24 24 4 9 12 20 20 14 15 22 18 21
>BYR2_SCHPO/394-658
18 21 13 5 4 20 21 5 6 5 6 16 5 12 22 24 24 17 20 5 19 7 4 6 6 5 10 20 19 4 22 14 12 22 21 20 9 6 22 6 10 6 14 9 13 15 4 14 20 20 9 4 20 4 5 10 21 4 20 20
12 10 20 6 24 24 24 15 10 15 21 22 12 17 20 5 6 7 20 7 24 24 24 24 24 24 24 24 24 24 24 24 24 6 9 15 20 7 24 24 21 16 20 10 17 22 1 5 5 6 24 24 24 24 22 4 5 20 20 23
19 24 24 24 24 17 5 24 24 24 6 24 16 10 10 23 24 24 24 24 24 24 24 20 22 14 24 7 16 21 14 12 23 20 14 5 20 10 17 20 15 24 6 13 5 24 24 24 21 22 15 13 9 21 14 5 4 7 21 20
22 9 24 7 24 24 24 24 24 24 24 24 24 24 14 5 14 24 24 24 24 24 24 24 24 21 14 21 6 9 16 5 21 6 14 14 20 10 20 7 6 23 6 23 14 24 24 24 24 24 24 24 24 24 24 24 24 23 5 5
4 13 1 6 16 12 5 6 6 16 18 19 4 1 10 22 22 24 24 24 24 24 24 24 24 24 24 14 12 24 24 24 23 19 15 24 23 10 14 23 9 21 18 6 20 5 3 20 22 21 10 19 20 23 6 14 15 1 17 1
24 24 24 24 24 24 24 24 24 24 7 3 9 12 24 24 19 12 4 21 16 13 21 24 24 24 24 24 24 24 24 24 24 24 24 5 10 7 21 20 1 10 16 1 6 7 21 24 24 24 24 24 24 24 24 24 24 24 24 24
24 24 24 24 24 24 24 24 24 24 24 24 24 24 24 24 24 24 24 24 24 24 24 6 6 6 4 21 9 16 20 10 14 23 16 4 21 9 3 7 20 13 1 23 24 24 24 24 24 4 6 10 20 20 6 15 1 16 22
>WEE1_HUMAN/299-569
16 15 10 20 10 14 21 5 6 5 10 16 5 6 22 24 24 16 14 3 22 14 13 20 9 5 3 21 17 4 21 14 13 6 14 14 1 20 4 5 6 22 9 10 24 24 24 24 24 24 12 7 4 20 13 10 22 17 4 15
4 22 20 5 24 24 12 15 6 15 22 22 13 17 16 6 4 18 4 10 24 24 24 24 24 24 24 24 24 24 24 24 24 9 9 15 19 20 24 24 21 12 7 10 17 3 7 5 5 6 24 24 24 24 20 4 9 4 21 6
10 24 24 24 24 7 17 13 21 19 6 17 16 14 10 4 24 24 24 24 24 24 24 10 20 14 24 9 20 20 20 12 22 5 13 5 20 13 17 21 15 24 6 19 6 24 24 24 20 22 15 19 9 21 14 1 6 7 21 16
21 6 13 23 6 21 1 7 4 4 6 10 10 5 9 10 9 9 18 4 6 7 14 22 19 16 14 21 5 9 20 5 15 22 23 13 21 6 6 24 24 24 24 24 24 24 24 24 24 24 24 24 24 24 24 24 24 24 24 24
24 1 12 22 10 10 5 9 6 13 16 20 4 7 10 22 20 24 24 24 24 24 24 24 24 24 24 12 10 24 24 24 7 17 23 15 20 1 14 4 9 21 16 4 20 4 20 23 22 22 3 4 24 4 5 4 10 1 20 1
24 24 24 13 7 5 9 12 18 15 10 21 13 12 5 13 20 1 13 21 1 12 22 20 24 24 24 24 24 24 24 24 24 24 24 24 24 24 24 24 24 24 24 24 24 24 24 24 24 24 24 24 24 24 24 24 24 24 24 24
24 24 24 24 24 24 24 24 24 24 24 24 24 24 24 24 24 24 24 24 24 24 24 6 12 10 16 23 10 20 20 14 22 19 21 15 1 9 1 10 13 13 1 6 24 24 24 24 24 4 19 4 20 22 14 15 6 22 20
>M3K9_HUMAN/144-403
20 23 20 10 10 21 21 5 21 5 5 16 5 14 22 24 24 17 13 4 16 24 24 18 21 5 9 10 22 4 22 14 4 4 13 15 9 1 9 10 9 21 6 12 23 24 24 24 24 21 10 7 22 13 12 10 4 14 20 16
4 19 20 14 24 24 24 15 1 7 21 21 4 20 13 5 22 3 20 14 24 24 24 24 24 24 24 24 24 24 24 24 24 10 1 7 20 3 24 24 20 22 19 10 16 4 13 5 5 1 24 24 24 24 20 7 13 22 20 6
5 24 24 24 24 14 13 24 24 24 24 24 21 1 1 9 24 24 24 24 24 24 24 21 20 22 24 7 18 4 22 12 21 4 13 5 19 7 17 20 15 24 9 10 4 21 22 1 21 21 15 13 9 20 14 6 6 7 21 20
21 20 12 24 24 24 24 24 24 24 24 24 24 24 14 22 10 7 5 9 20 6 7 14 21 20 14 21 23 9 16 5 20 4 13 10 18 15 13 23 23 24 24 24 24 24 24 24 24 24 24 24 24 24 24 24 24 24 24 24
24 14 19 6 4 4 5 23 17 4 18 19 4 1 10 22 21 24 24 24 24 24 24 24 24 24 24 13 4 24 24 24 6 19 16 24 6 14 5 6 9 22 18 6 17 5 22 20 20 18 10 20 20 23 5 10 22 1 16 13
5 21 9 5 20 4 22 4 17 5 22 4 19 7 24 24 24 24 24 24 24 24 24 24 24 24 24 24 24 24 24 24 24 24 24 24 24 14 20 4 20 1 21 1 6 23 3 24 24 24 24 24 24 24 24 24 24 24 24 24
24 24 24 24 24 24 24 24 24 24 24 24 24 24 24 24 24 24 24 24 24 24 24 1 10 1 16 4 14 20 19 10 9 3 18 7 1 9 1 15 6 13 1 6 24 24 24 24 24 16 23 7 21 20 9 12 24 24 20
>F7CJC0_CALJA/349-568
22 19 20 6 23 13 21 5 6 5 6 16 5 23 22 24 24 17 14 5 14 24 24 24 18 15 5 9 22 4 22 14 21 20 14 22 22 9 1 23 1 10 12 16 24 24 24 24 24 24 12 4 16 13 7 10 22 4 22 20
13 14 23 13 24 24 24 15 22 7 21 20 20 16 19 5 17 19 23 24 24 24 24 24 24 24 24 24 24 24 24 24 24 14 9 7 20 4 24 24 21 22 23 12 18 3 10 5 6 6 24 24 24 24 20 17 14 15 20 15
24 24 24 24 24 24 22 12 10 23 14 24 16 12 19 16 24 24 24 24 24 24 24 12 20 21 24 9 21 4 13 12 23 4 12 5 19 9 24 24 24 24 24 24 24 24 24 24 24 24 24 24 24 24 24 24 24 24 24 24
24 24 24 24 24 24 24 24 24 24 24 24 24 24 24 24 24 24 24 24 24 24 24 24 24 24 24 24 24 24 24 24 24 24 24 24 24 24 5 6 12 12 24 24 24 24 24 24 24 24 24 24 24 24 24 24 24 24 24 24
24 22 10 12 1 23 5 6 22 20 18 19 4 1 10 22 21 13 24 24 24 24 24 24 24 19 12 9 7 24 24 24 7 1 16 24 6 16 12 6 9 22 17 6 17 5 21 22 20 17 10 20 19 23 5 10 20 1 17 6
15 21 7 7 13 9 12 21 21 16 19 22 5 13 24 24 5 17 4 6 1 9 20 6 24 24 24 24 24 24 24 24 24 24 24 24 24 24 24 24 24 14 20 17 14 7 3 24 24 24 24 24 24 24 24 24 24 24 24 24
24 24 24 24 24 24 24 24 24 24 24 24 24 24 24 24 24 24 24 24 24 24 24 1 14 4 19 14 13 20 22 4 9 3 22 14 14 22 14 10 10 13 1 20 24 24 24 24 24 16 1 12 21 20 6 6 21 10 20
>KPRO_MAIZE/534-814
13 14 16 14 22 10 20 5 13 5 10 6 5 23 22 24 24 17 14 5 22 24 20 10 9 9 13 15 22 4 22 14 14 20 10 7 22 13 12 5 14 24 24 24 24 24 24 24 24 24 10 22 16 12 4 10 20 6 22 21
5 13 21 7 24 24 24 15 19 7 20 22 13 21 18 5 16 3 6 10 24 24 24 24 24 24 24 24 24 24 24 24 24 5 6 15 13 20 24 24 20 22 6 10 17 22 10 7 5 6 24 24 24 24 20 4 7 21 20 24
24 24 24 24 24 24 24 24 24 24 24 24 16 6 10 5 5 7 21 20 20 9 18 10 5 13 16 7 21 4 20 5 22 4 14 5 20 4 17 20 15 24 15 10 3 20 10 18 22 21 15 3 9 22 14 1 10 7 21 20
20 9 24 24 24 24 24 24 24 24 24 24 24 24 12 4 16 24 24 24 24 24 24 24 10 1 14 21 23 9 16 5 20 22 14 20 20 7 13 5 5 6 23 24 24 24 24 24 24 24 24 24 24 24 24 24 24 24 24 12
7 22 6 15 22 13 5 23 20 5 17 21 4 1 10 18 22 24 24 24 24 24 24 24 24 24 24 6 6 24 24 24 20 1 21 24 23 4 14 22 9 22 17 6 17 5 22 22 20 20 10 20 20 23 5 23 13 22 6 10
20 22 5 5 23 9 10 22 15 6 19 20 13 14 20 22 13 19 20 6 4 14 20 10 5 10 10 12 6 18 21 9 5 17 20 9 6 14 20 7 13 1 22 7 17 22 12 24 24 24 24 24 24 24 24 24 24 24 24 24
24 24 24 24 24 24 24 24 24 24 24 24 24 24 24 24 24 24 24 24 24 24 24 4 13 23 20 21 14 20 4 22 6 3 20 10 10 9 13 6 14 13 1 23 24 24 24 24 24 19 10 15 4 22 12 23 20 20 6
>TTK_HUMAN/525-791
17 6 21 20 14 12 21 5 6 5 5 6 6 14 22 24 24 16 12 22 20 7 24 10 14 14 12 21 17 4 21 14 17 22 7 20 10 10 4 9 7 12 23 20 24 24 24 24 24 24 9 6 17 13 7 10 21 4 17 20
7 14 20 12 12 24 15 6 9 14 21 21 13 20 17 9 17 10 21 23 24 24 24 24 24 24 24 24 24 24 24 24 24 9 12 17 21 17 24 24 19 22 19 10 3 5 7 21 9 24 24 24 24 24 20 7 6 18 20 14
24 24 24 24 24 24 24 14 14 14 6 24 21 9 1 18 24 24 24 24 24 24 24 10 13 14 24 6 17 18 14 7 19 20 10 4 22 15 23 21 15 24 12 15 5 24 24 24 21 22 15 6 9 20 14 1 4 7 16 20
21 22 24 24 24 24 24 24 24 24 24 24 24 24 9 5 19 24 24 24 24 24 24 24 24 20 14 20 21 9 16 5 21 4 7 12 19 12 1 9 23 23 6 24 24 24 24 24 24 24 24 24 24 24 24 24 24 24 24 22
22 14 9 6 12 22 5 23 22 7 17 19 1 1 10 4 21 14 9 19 6 6 6 13 10 7 5 14 6 24 24 24 14 6 14 21 6 1 14 6 9 22 18 6 20 5 3 21 20 17 17 19 23 17 5 14 23 1 16 12
12 21 21 7 12 21 6 14 20 15 4 21 21 9 24 24 24 24 24 24 24 24 24 24 24 24 24 24 24 24 24 24 24 24 24 24 24 24 24 24 24 24 24 24 24 24 24 1 7 15 10 21 24 24 24 24 24 24 24 24
24 24 24 24 24 24 24 24 24 24 24 24 24 24 24 24 24 10 16 1 9 21 1 10 14 9 20 12 9 22 20 14 3 3 20 14 13 9 1 14 12 13 21 6 24 24 24 24 24 21 1 10 20 20 4 15 1 17 22
>CSK21_CHICK/39-324
17 12 20 22 13 14 20 5 13 5 14 17 6 10 22 24 24 16 10 4 21 7 21 23 7 7 10 14 22 22 22 14 21 20 14 1 22 14 14 14 14 21 14 13 24 24 24 24 24 24 24 24 24 24 24 10 21 14 21 20
10 7 20 13 24 24 5 5 1 7 21 21 23 20 4 9 21 22 14 9 24 24 24 24 24 24 24 24 24 24 24 24 24 1 22 6 13 23 1 4 20 22 16 10 15 22 7 7 23 9 24 24 24 24 16 14 12 20 17 12
24 24 24 24 24 24 24 24 24 24 23 24 20 23 9 17 24 24 24 24 24 24 24 9 21 13 24 16 17 19 17 10 21 20 14 4 20 9 17 3 15 24 6 19 5 24 24 24 21 19 15 13 9 22 14 1 15 7 22 19
21 9 15 10 24 24 24 24 24 24 24 24 24 24 15 13 14 24 24 24 24 24 24 24 24 20 13 20 21 9 18 5 20 4 10 16 17 15 1 5 12 10 24 24 24 24 24 24 24 24 24 24 24 24 24 24 24 24 24 24
24 17 7 22 13 22 4 6 13 17 16 14 5 1 10 20 20 24 24 24 24 24 24 24 24 24 22 9 17 24 24 24 12 19 17 24 9 17 6 20 9 19 18 6 20 5 3 19 20 4 6 19 21 16 13 14 10 1 16 16
15 5 15 9 24 24 24 24 24 24 7 17 9 12 24 24 20 22 13 21 4 14 22 20 5 23 10 9 20 17 9 17 21 9 14 17 7 21 10 20 9 1 13 16 7 9 21 20 5 13 15 6 13 14 13 18 10 24 24 24
24 24 24 24 24 24 24 24 24 24 24 24 13 16 22 15 6 10 7 12 15 20 22 6 1 10 4 20 9 16 20 9 14 20 20 13 17 9 15 12 6 13 20 23 24 24 24 24 24 4 13 10 4 19 10 15 1 17 16
>MK04_HUMAN/20-312
16 22 9 16 12 1 20 5 16 5 22 7 5 20 22 24 24 20 6 4 22 9 6 13 4 3 13 14 22 4 22 14 14 21 4 20 6 9 4 13 6 19 14 15 24 24 24 24 24 24 24 24 4 20 13 10 21 14 21 21
13 13 20 9 24 24 24 15 9 7 21 22 14 22 17 10 22 20 5 1 14 5 23 9 20 24 24 12 5 10 20 16 14 16 6 22 4 17 24 24 21 22 12 10 17 19 10 23 9 24 24 24 24 24 20 4 13 20 20 10
12 24 24 24 24 5 23 24 24 24 24 24 20 4 10 10 24 24 24 24 24 24 24 15 4 14 24 20 16 19 17 12 20 20 13 5 20 14 17 21 15 24 6 4 7 24 24 24 22 20 15 13 9 20 14 1 4 7 21 16
21 6 23 10 24 24 24 24 24 24 24 24 24 24 9 20 22 24 24 24 24 24 24 24 24 20 14 21 5 9 16 5 20 4 13 21 22 9 12 15 17 6 15 14 24 24 24 24 24 24 24 24 24 24 24 24 24 24 24 5
17 20 6 10 5 20 22 23 14 18 17 13 6 1 13 20 20 24 24 24 24 24 24 24 24 24 20 6 1 24 24 24 7 7 17 24 23 14 4 21 9 19 18 4 4 5 3 21 20 4 10 19 20 23 5 13 19 20 16 4
24 24 24 24 24 24 24 24 24 24 5 4 15 10 24 24 20 10 12 19 12 20 21 20 24 24 24 24 24 24 24 24 24 24 10 23 24 24 24 24 24 24 24 24 24 24 21 1 22 21 13 10 10 9 14 9 10 20 20 13
22 19 1 6 16 22 6 6 23 18 10 22 14 13 1 20 13 14 20 20 1 10 22 7 6 10 4 21 9 16 20 10 14 21 20 23 16 7 1 19 9 13 20 23 24 24 24 24 24 4 10 19 5 20 12 15 1 17 19
>KIN28_YEAST/7-290
17 23 14 10 14 14 22 5 10 5 23 17 4 22 22 24 24 17 20 5 3 12 15 6 23 5 13 14 21 4 21 14 10 21 14 23 6 10 16 14 9 5 20 9 24 24 24 24 24 24 19 6 4 21 13 10 22 14 17 20
12 10 19 12 24 24 24 15 1 7 22 21 10 20 21 9 21 16 19 4 24 24 24 24 24 24 24 24 24 24 24 24 24 17 9 7 20 7 24 24 20 22 20 10 16 20 1 24 24 24 24 24 24 24 24 23 9 20 10 22
22 21 24 24 24 14 9 14 6 21 20 24 16 23 1 4 24 24 24 24 24 24 24 9 21 14 24 4 18 19 20 19 23 20 13 5 22 17 15 3 15 24 13 7 16 24 24 24 21 20 15 13 9 20 14 1 7 7 20 20
16 6 24 1 24 24 24 24 24 24 24 24 24 24 9 5 12 24 24 24 24 24 24 24 24 21 14 22 4 9 16 5 20 4 13 4 21 1 4 1 15 10 24 24 24 24 24 24 24 24 24 24 24 24 24 24 24 24 24 24
21 20 23 6 7 22 22 23 13 18 17 13 4 1 10 20 20 24 24 24 24 24 24 24 24 24 16 5 4 24 24 24 14 15 17 24 23 6 4 21 9 21 18 6 22 5 22 21 16 4 10 20 19 20 13 21 1 17 20 1
24 24 24 5 12 7 24 24 24 24 9 22 9 12 24 24 19 10 22 23 16 13 4 20 5 24 24 24 24 24 24 24 24 24 23 1 23 9 13 9 18 1 10 22 6 6 16 19 23 17 7 14 20 12 21 17 1 1 1 24
24 24 24 24 24 24 24 24 24 24 24 6 13 9 10 20 13 14 13 16 21 4 4 6 10 17 4 20 9 16 19 3 5 19 20 23 19 7 1 12 14 13 18 23 24 24 24 24 24 4 22 12 3 20 10 6 9 17 16
>I1MG96_SOYBN/4-287
17 10 14 22 10 14 21 5 10 5 23 17 5 22 22 24 24 17 14 4 13 9 13 22 23 7 10 23 21 4 20 14 14 21 13 20 10 12 10 9 10 5 22 1 24 24 24 24 24 24 6 23 4 21 13 10 21 6 20 20
14 10 19 12 24 24 24 15 13 7 21 22 13 20 12 9 22 22 15 6 24 24 24 24 24 24 24 24 24 24 24 24 24 10 14 13 20 17 24 24 20 22 16 10 17 20 9 24 24 24 24 24 24 24 24 20 9 20 14 14
15 19 24 24 9 6 6 1 10 16 22 24 14 9 1 13 24 24 24 24 24 24 24 12 22 14 24 19 16 20 17 12 21 20 3 5 21 4 17 3 15 24 6 15 13 24 24 24 22 20 15 13 9 20 14 1 12 7 20 20
21 9 13 13 24 24 24 24 24 24 24 24 24 24 23 7 6 24 24 24 24 24 24 24 24 20 14 20 4 9 16 5 20 4 13 4 16 5 21 1 22 13 24 24 24 24 24 24 24 24 24 24 24 24 24 24 24 24 24 24
23 16 23 15 10 22 22 23 20 18 17 13 4 1 10 21 20 24 24 24 24 24 24 24 24 24 20 5 6 24 24 24 13 15 17 24 6 23 1 22 9 22 18 6 22 5 3 21 16 4 10 19 22 7 13 13 1 20 16 1
24 24 24 5 9 6 24 24 24 24 10 21 9 10 24 24 20 16 14 21 16 13 21 20 5 24 24 24 24 24 24 24 24 24 23 1 7 10 9 23 18 1 5 22 23 6 20 1 9 16 14 6 23 16 1 14 18 1 24 24
24 24 24 24 24 24 24 24 24 24 24 24 6 14 9 20 4 7 22 22 1 7 20 9 4 4 5 20 7 20 20 6 6 19 20 3 20 9 1 6 14 13 21 23 24 24 24 24 24 4 13 6 4 22 10 15 10 17 16
>BUR1_YEAST/60-366
17 13 10 9 10 14 20 5 12 5 23 16 5 10 22 24 24 17 14 5 21 15 20 10 23 12 13 12 22 4 19 14 14 21 21 22 6 22 10 14 9 20 16 1 24 24 24 24 24 24 21 23 4 12 13 10 21 23 21 20
14 13 20 7 24 24 24 15 14 7 21 21 14 20 21 10 19 22 17 9 15 6 1 9 21 23 7 4 4 6 6 7 20 15 14 6 16 17 24 24 19 21 20 1 17 19 22 4 9 20 6 5 22 20 15 7 1 13 21 7
24 24 24 24 24 24 24 24 24 24 24 24 20 10 19 3 24 24 24 24 24 24 24 9 21 14 24 7 19 19 20 12 21 20 10 5 20 7 17 21 15 24 3 4 14 24 24 24 16 19 15 13 9 21 14 23 4 7 21 20
21 9 24 15 24 24 24 24 24 24 24 24 24 24 7 5 22 24 24 24 24 24 24 24 24 20 14 20 4 9 16 5 20 4 13 20 17 17 5 3 1 1 7 20 14 17 1 5 24 24 24 24 24 24 5 4 5 6 5 4
14 17 23 6 22 22 22 23 13 18 17 13 4 1 10 20 22 24 24 24 24 24 24 24 24 24 20 5 9 24 24 24 14 12 17 24 23 23 4 22 9 21 18 5 22 5 3 22 16 4 10 16 16 10 14 14 1 21 20 12
24 24 24 5 14 23 24 24 24 24 9 21 9 12 24 24 5 15 22 21 16 14 20 20 5 24 24 24 24 24 24 24 24 24 23 1 23 10 10 9 18 4 22 4 13 17 20 1 5 4 10 20 23 23 23 7 17 14 24 24
24 24 24 24 24 24 24 24 24 24 24 24 1 23 20 13 10 13 16 5 14 17 20 6 10 23 5 20 9 16 20 5 12 20 20 4 20 9 1 17 14 13 20 23 24 24 24 24 24 4 19 6 4 14 15 15 1 18 16
>CTK1_YEAST/183-469
17 20 13 21 19 12 22 5 10 5 23 17 5 14 22 24 24 17 14 4 14 7 23 7 23 10 14 20 22 4 20 14 14 20 13 20 12 5 10 13 10 5 16 1 24 24 24 24 24 24 21 23 6 21 13 10 21 14 20 20
12 6 16 9 24 24 24 15 1 7 22 6 23 21 14 10 21 19 22 10 24 24 24 24 24 24 24 24 24 24 24 24 6 12 14 23 22 17 24 24 19 21 16 10 17 4 9 7 9 20 6 5 20 20 20 7 14 10 22 12
24 24 24 24 24 24 24 24 24 24 24 24 21 6 15 6 24 24 24 24 24 24 24 12 3 14 24 15 20 16 14 12 20 20 20 5 19 10 17 20 15 24 9 7 14 24 24 24 21 20 15 13 9 22 14 5 6 7 21 20
21 9 24 7 24 24 24 24 24 24 24 24 24 24 12 5 7 24 24 24 24 24 24 24 24 20 14 21 23 9 16 5 20 4 13 14 19 7 6 13 4 9 24 24 24 24 24 24 24 24 24 24 24 24 24 24 24 24 24 24
24 17 23 7 13 22 21 23 20 18 17 13 1 1 10 20 20 24 24 24 24 24 24 24 24 24 20 5 23 24 24 24 23 7 17 24 5 23 10 22 9 19 18 5 3 5 3 20 20 22 10 20 16 7 14 23 4 21 16 12
24 24 24 5 6 7 24 24 24 24 10 20 10 12 24 24 21 10 6 21 16 14 21 19 5 24 24 24 24 24 24 24 24 24 23 1 23 21 7 6 18 1 23 20 17 9 19 1 18 16 16 19 21 19 1 12 12 23 23 14
24 24 24 24 24 24 24 24 24 17 22 7 7 16 6 10 14 16 14 6 22 20 1 6 6 14 3 20 12 20 4 21 7 20 20 3 17 9 12 23 14 13 16 6 24 24 24 24 24 4 23 10 4 20 12 6 9 17 16
>GSK3A_RAT/119-403
17 23 9 21 14 22 21 5 7 5 6 16 5 22 22 24 24 17 12 4 13 20 4 10 23 13 10 20 22 4 21 14 14 22 20 12 9 14 13 16 14 7 13 24 24 24 24 24 24 24 24 24 24 24 24 10 20 12 21 19
13 14 20 9 24 24 24 15 3 7 21 22 13 20 13 17 16 16 17 6 6 5 24 24 24 24 24 24 24 24 24 10 14 14 9 10 20 17 20 7 20 22 20 10 17 22 1 24 24 24 24 24 24 24 24 10 23 22 17 13
22 4 13 15 16 23 14 4 14 20 21 24 21 1 21 21 24 24 24 24 24 24 24 17 22 14 24 22 17 19 17 12 20 16 13 6 20 4 17 21 15 24 6 12 5 24 24 24 22 3 15 13 9 21 14 1 12 7 20 20
22 9 1 9 24 24 24 24 24 24 24 24 24 24 23 4 22 24 24 24 24 24 24 24 24 20 14 20 3 9 16 5 6 4 14 12 20 22 13 5 10 1 24 24 24 24 24 24 24 24 24 24 24 24 24 24 24 24 24 24
24 7 22 6 17 21 3 6 13 17 17 13 4 1 10 20 21 24 24 24 24 24 24 24 24 24 16 5 4 24 24 24 23 9 17 24 23 6 6 21 9 22 18 6 4 5 3 22 20 4 10 20 20 20 5 12 1 21 16 1
24 24 24 5 9 6 24 24 24 24 5 22 9 12 24 24 20 22 10 21 21 14 22 20 24 24 24 24 24 24 24 24 24 24 5 23 24 24 24 24 24 1 23 13 10 12 21 13 10 19 7 1 7 17 23 10 16 14 16 1
12 24 24 24 24 24 24 24 24 21 14 4 15 1 18 23 14 22 16 14 6 13 23 1 1 10 4 21 4 20 3 6 6 20 20 10 17 23 1 6 6 13 20 6 24 24 24 24 24 1 20 10 4 3 4 15 6 16 16
>CDKL1_HUMAN/5-288
17 10 14 21 5 14 21 5 10 5 6 17 5 22 22 24 24 16 14 3 13 7 13 9 23 5 12 21 22 4 21 14 14 16 20 10 6 10 9 9 1 22 21 14 24 24 24 24 24 24 14 21 4 20 13 10 21 13 19 20
14 12 20 14 24 24 24 15 1 7 20 22 7 20 20 10 22 16 13 13 24 24 24 24 24 24 24 24 24 24 24 24 24 14 13 13 20 15 24 24 20 22 16 10 17 3 9 15 23 22 24 24 24 24 20 15 10 20 9 13
24 24 24 24 24 24 24 17 12 13 5 24 22 1 10 15 24 24 24 24 24 24 24 20 22 14 24 6 21 23 18 12 23 20 12 4 22 7 16 3 15 24 14 15 7 24 24 24 3 21 15 13 9 22 14 1 10 7 21 20
21 23 24 14 24 24 24 24 24 24 24 24 24 24 15 6 22 24 24 24 24 24 24 24 24 21 14 20 3 9 16 5 16 4 13 20 20 23 5 1 6 9 24 24 24 24 24 24 24 24 24 24 24 24 24 24 24 24 24 24
17 17 23 9 17 22 4 23 13 18 17 13 6 1 10 20 20 24 24 24 24 24 24 24 24 24 22 5 9 24 24 24 23 12 17 24 5 1 1 22 9 22 18 4 21 5 3 22 16 4 10 20 20 6 5 22 1 20 18 1
24 24 24 5 14 6 24 24 24 24 9 22 9 12 24 24 20 17 20 21 13 14 23 20 24 24 24 24 24 24 24 24 24 24 24 24 24 5 9 20 21 1 13 15 12 12 22 16 6 23 7 12 17 16 6 5 22 14 21 1
9 24 24 24 24 24 24 24 24 1 10 9 19 10 1 20 10 20 14 16 1 7 21 6 17 1 4 20 5 20 20 14 5 3 20 15 19 9 1 23 12 13 20 23 24 24 24 24 24 3 10 12 20 20 15 15 1 17 16
>MAK_RAT/4-284
17 23 23 19 13 12 20 5 9 5 23 17 5 6 22 24 24 20 19 5 14 6 7 10 6 5 10 20 22 4 21 14 13 19 14 13 14 16 17 6 18 9 10 3 19 7 24 24 20 13 24 24 24 24 24 10 22 14 6 20
14 14 20 7 24 24 24 15 4 7 22 21 14 20 14 10 22 21 13 10 24 24 24 24 24 24 24 24 24 24 24 24 24 7 9 15 20 17 24 24 16 21 16 10 17 19 14 24 24 24 24 24 24 24 24 10 7 20 17 12
20 19 24 24 24 14 9 13 7 14 20 24 16 1 10 6 24 24 24 24 24 24 24 22 21 13 24 7 21 19 17 12 21 20 12 5 20 4 16 21 15 24 14 15 5 24 24 24 16 16 15 13 9 19 14 1 10 7 20 20
3 19 24 5 24 24 24 24 24 24 24 24 24 24 1 10 20 24 24 24 24 24 24 24 24 22 14 21 4 9 16 5 20 4 13 10 20 13 6 12 1 1 24 24 24 24 24 24 24 24 24 24 24 24 24 24 24 24 24 24
24 17 23 9 17 22 6 23 13 18 17 13 4 1 10 22 20 24 24 24 24 24 24 24 24 24 20 13 6 24 24 24 6 22 17 24 6 6 1 21 9 22 18 4 22 5 6 21 19 4 10 20 17 23 16 13 1 20 16 1
24 24 24 5 23 6 24 24 24 24 10 22 9 10 24 24 21 16 14 21 3 12 22 20 5 24 24 24 24 24 24 24 24 24 23 1 14 14 6 9 18 1 10 5 17 12 20 4 6 6 19 7 16 13 16 1 12 3 24 24
24 24 24 24 24 24 24 24 24 24 24 21 1 21 7 20 14 23 20 21 1 7 4 6 6 10 4 21 12 20 19 23 10 19 20 7 18 9 1 14 14 13 1 23 24 24 24 24 24 4 6 12 4 20 14 15 1 17 16
>PIM1_HUMAN/38-290
17 12 22 5 1 20 20 5 6 5 5 16 5 6 22 24 24 17 6 5 21 13 22 6 9 7 20 1 22 4 21 14 15 22 10 14 9 13 21 6 9 18 5 10 20 1 24 24 7 5 23 13 22 1 19 10 22 22 20 20
14 14 22 6 6 24 5 16 6 5 22 21 13 20 20 9 18 16 10 13 24 24 24 24 24 24 24 24 24 24 24 24 24 1 9 6 16 22 24 24 20 21 20 10 13 1 10 1 22 12 24 24 24 9 20 16 9 16 21 23
24 24 24 24 24 24 24 10 13 5 4 24 20 12 10 10 24 24 24 24 24 24 24 20 4 13 24 6 16 16 18 12 22 20 10 4 22 13 15 3 15 24 7 3 5 24 24 24 22 20 15 13 9 21 14 9 10 7 21 20
21 9 20 7 24 24 24 24 24 24 24 24 24 24 13 5 10 24 24 24 24 24 24 24 24 20 14 20 21 9 16 5 6 5 4 20 20 14 9 23 22 24 24 24 24 24 24 24 24 24 24 24 24 24 24 24 24 24 24 24
24 17 23 9 16 9 5 23 13 22 17 6 1 1 10 18 21 24 24 24 24 24 24 24 24 24 24 13 17 24 24 24 15 13 17 15 5 13 6 4 4 22 18 6 20 5 21 20 20 17 9 19 22 3 5 9 21 1 16 10
15 9 10 10 21 21 13 5 12 22 16 16 13 12 24 24 24 24 24 24 24 24 24 24 24 24 24 24 24 24 24 24 24 24 24 24 24 24 24 24 24 24 24 24 24 13 22 24 24 24 24 24 24 24 24 24 24 24 24 24
24 24 24 24 24 24 24 24 24 24 24 24 24 24 24 24 24 24 24 24 24 24 24 6 6 10 3 12 15 20 21 13 18 3 20 4 20 13 1 6 9 13 1 23 24 24 24 24 24 16 10 10 21 12 7 15 1 18 19
>PSK1_YEAST/1096-1354
16 22 6 20 12 14 19 5 10 5 4 17 5 14 22 24 24 7 20 3 21 15 14 14 7 13 17 21 22 22 21 14 19 21 16 14 10 13 21 20 22 9 23 18 22 13 9 13 14 20 5 23 21 1 6 10 21 12 21 19
4 23 20 7 14 14 1 15 10 7 21 20 13 20 20 9 16 16 10 9 24 24 24 24 24 24 24 24 24 24 24 24 24 9 9 17 17 17 24 24 24 21 10 23 1 22 15 5 10 23 5 3 21 9 20 16 9 20 21 10
24 24 24 24 24 24 24 16 14 23 7 24 19 23 10 16 24 24 24 24 24 24 24 10 4 14 24 20 21 16 14 12 22 22 4 5 21 14 15 20 15 24 9 12 5 24 24 24 21 22 15 13 9 21 14 9 10 7 22 21
22 9 24 6 24 24 24 24 24 24 24 24 24 24 14 5 16 24 24 24 24 24 24 24 24 22 14 21 21 9 16 5 6 4 4 17 22 14 6 5 1 24 24 24 24 24 24 24 24 24 24 24 24 24 24 24 24 24 24 24
24 16 9 22 16 22 5 23 21 9 17 4 4 1 10 22 20 24 24 24 24 24 24 24 24 24 24 5 5 24 24 24 7 1 17 10 5 12 1 12 9 21 18 4 21 5 21 20 20 17 23 22 22 16 14 10 7 1 16 17
24 24 24 24 24 24 24 24 24 24 7 21 9 10 24 24 21 20 24 24 24 24 24 24 24 24 24 24 24 24 24 24 24 24 24 10 5 9 20 14 16 7 7 4 10 10 22 24 24 24 24 24 24 24 24 24 24 24 24 24
24 24 24 24 24 24 24 24 24 24 24 24 24 24 24 24 24 24 24 24 24 24 24 6 10 9 3 21 10 20 21 14 6 21 20 7 13 3 22 1 14 13 1 23 24 24 24 24 24 21 9 9 21 7 7 9 14 18 20
>CDC5_YEAST/82-337
17 15 13 5 15 16 20 5 10 5 5 16 4 13 3 24 24 16 12 21 14 9 24 9 6 5 10 21 16 4 4 14 23 22 4 14 4 6 21 14 6 10 14 23 24 24 24 24 24 13 14 14 20 20 6 10 21 12 21 15
14 6 19 6 24 24 24 15 1 7 21 22 12 16 21 9 3 16 10 9 24 24 24 24 24 24 24 24 24 24 24 24 24 9 6 7 22 17 24 24 21 20 20 10 21 3 1 7 5 6 24 24 24 24 20 19 10 20 20 14
24 24 24 24 24 24 24 13 13 14 22 24 20 23 10 1 24 24 24 24 24 24 24 10 22 13 24 16 16 23 23 12 21 3 5 4 21 14 17 19 15 24 6 13 13 24 24 24 22 21 15 13 9 20 14 20 5 7 21 16
16 9 24 24 24 24 24 24 24 24 24 24 24 24 6 7 17 24 24 24 24 24 24 24 7 20 14 21 5 9 16 5 20 4 4 22 20 4 7 10 6 10 24 24 24 24 24 24 24 24 24 24 24 24 24 24 24 24 24 24
13 14 17 23 21 3 5 23 1 7 17 21 4 1 10 22 20 19 24 24 24 24 24 24 24 24 5 14 15 24 24 24 6 5 15 24 6 16 10 22 9 21 18 6 20 5 22 19 20 17 4 20 20 21 5 14 1 1 16 12
4 13 9 22 7 23 21 17 10 13 21 14 3 13 24 24 24 24 24 24 24 24 24 24 24 24 24 24 24 24 24 24 24 24 24 24 24 9 16 6 16 1 13 9 14 1 21 24 24 24 24 24 24 24 24 24 24 24 24 24
24 24 24 24 24 24 24 24 24 24 24 24 24 24 24 24 24 24 24 24 24 24 24 6 9 10 5 14 21 20 21 13 9 21 20 6 20 9 1 21 10 13 1 6 24 24 24 24 24 20 23 10 21 19 9 17 22 18 16
>AKT1_HUMAN/150-408
16 10 17 20 14 20 20 5 14 5 23 16 5 14 22 24 24 21 20 22 14 10 14 4 23 5 13 17 17 4 19 14 21 20 14 14 10 22 21 22 4 14 9 10 24 24 24 24 24 22 4 15 23 20 23 10 7 13 22 20
12 7 6 13 24 24 24 15 1 16 20 23 4 20 14 17 6 16 12 23 24 24 24 24 24 24 24 24 24 24 24 24 24 15 9 13 20 3 24 24 16 22 19 10 17 4 7 5 5 10 24 24 24 24 20 16 16 15 20 6
24 24 24 24 24 24 24 13 10 13 22 24 16 6 10 9 24 24 24 24 24 24 24 13 4 13 24 16 17 5 4 10 21 22 6 4 20 9 17 20 15 6 10 14 7 24 24 24 22 22 17 13 9 20 14 20 10 7 20 19
20 9 24 14 24 24 24 24 24 24 24 24 24 24 9 5 15 24 24 24 24 24 24 24 24 21 14 21 23 9 16 5 20 3 14 10 5 21 14 9 5 4 24 24 24 24 24 24 24 24 24 24 24 24 24 24 24 24 24 24
23 19 14 23 16 3 5 23 1 10 17 20 4 1 10 22 20 24 24 24 24 24 24 24 24 24 24 10 9 24 24 24 7 9 17 24 5 13 4 22 9 18 18 5 20 5 22 22 19 17 10 19 19 3 5 13 20 1 16 17
7 12 9 15 10 14 20 16 10 20 21 20 19 10 24 24 24 24 24 24 24 24 24 24 24 24 24 24 24 24 24 24 24 24 24 24 24 24 24 10 21 13 16 1 13 23 20 24 24 24 24 24 24 24 24 24 24 24 24 24
24 24 24 24 24 24 24 24 24 24 24 24 24 24 24 24 24 24 24 24 24 24 24 5 1 10 4 14 6 20 20 6 5 20 20 14 14 9 1 14 12 13 20 5 5 5 6 10 9 4 14 10 21 19 12 15 13 16 16
>ARBK1_BOVIN/191-453
16 6 22 15 13 21 21 5 13 5 5 16 5 10 22 24 24 17 5 3 13 14 4 9 23 5 14 19 17 4 19 14 3 20 9 14 14 13 21 14 19 14 12 5 24 24 24 24 24 10 23 20 4 20 7 10 13 21 19 20
6 20 22 6 23 5 9 3 1 16 21 22 3 19 6 17 4 16 15 23 24 24 24 24 24 24 24 24 24 24 24 24 24 1 9 14 20 6 24 24 16 21 20 9 20 19 7 5 5 9 24 24 24 24 20 15 17 15 20 6
24 24 24 24 24 24 24 12 15 5 22 24 16 6 10 4 24 24 24 24 24 24 24 9 19 13 24 16 17 4 4 10 21 21 20 5 20 10 15 19 15 24 7 13 16 24 24 24 22 22 17 13 9 20 14 1 4 7 21 20
20 9 24 10 24 24 24 24 24 24 24 24 24 24 15 5 15 24 24 24 24 24 24 24 24 22 13 21 6 9 20 5 20 4 3 9 16 6 14 14 14 24 24 24 24 24 24 24 24 24 24 24 24 24 24 24 24 24 24 24
24 1 15 4 6 22 5 23 15 5 17 19 4 1 10 22 20 24 24 24 24 24 24 24 24 24 12 14 5 24 24 24 22 4 17 24 9 6 6 4 9 18 16 6 20 5 3 19 20 16 14 20 20 13 5 15 6 1 16 13
12 15 14 23 14 9 14 15 10 21 9 13 19 23 24 24 24 24 24 24 24 24 24 24 24 24 24 24 24 24 24 24 24 24 24 24 20 23 19 4 22 10 20 1 9 6 16 24 24 24 24 24 24 24 24 24 24 24 24 24
24 24 24 24 24 24 24 24 24 24 24 24 24 24 24 24 24 24 24 24 24 24 24 6 1 10 20 13 6 20 20 10 5 20 20 12 13 9 22 7 13 13 20 5 3 20 5 13 5 4 12 10 22 14 10 6 1 16 16
>KIN82_YEAST/324-602
16 10 14 21 13 20 20 5 12 5 9 22 5 14 22 24 24 17 20 22 13 10 13 9 23 7 12 21 16 4 20 14 22 20 7 14 15 10 19 21 14 13 14 14 24 24 24 24 24 21 14 13 22 20 23 10 12 10 21 20
4 23 6 9 24 24 24 15 1 16 21 22 23 20 17 15 6 16 12 23 24 24 24 24 24 24 24 24 24 24 24 24 24 14 9 17 20 17 24 24 20 3 19 10 17 3 19 5 5 10 24 24 24 24 16 16 13 4 20 12
24 24 24 24 24 24 23 13 14 6 14 3 21 4 10 10 24 24 24 24 24 24 24 9 4 14 24 16 17 4 6 10 22 22 4 4 20 10 17 20 15 24 20 20 5 24 24 24 16 21 17 13 9 20 14 1 10 7 21 20
20 15 24 12 24 24 24 24 24 24 24 24 24 24 6 5 15 24 24 24 24 24 24 24 24 22 19 20 6 9 16 9 20 6 21 12 4 23 5 6 14 14 1 23 19 14 9 6 23 17 20 9 23 14 21 3 6 9 5 16
13 23 7 6 16 22 5 23 10 10 17 20 4 1 10 22 21 24 24 24 24 24 24 24 24 24 24 13 5 24 24 24 7 5 15 24 23 4 4 22 9 18 18 23 20 5 21 20 21 17 10 19 20 16 5 3 23 1 16 14
5 9 7 6 7 10 23 16 6 7 21 20 23 14 24 24 24 24 24 24 24 24 24 24 24 24 24 24 24 24 24 24 24 24 24 24 24 9 22 14 16 1 15 9 14 10 22 24 24 24 24 24 24 24 24 24 24 24 24 24
24 24 24 24 24 24 24 24 24 24 24 24 24 24 24 24 24 24 24 24 24 24 24 6 14 7 3 14 9 20 21 14 14 20 20 7 14 7 10 4 14 13 20 5 6 14 24 6 5 4 4 9 21 14 13 15 1 16 16
>PKD1_DICDI/334-589
16 7 16 17 5 6 20 5 6 5 6 16 5 23 4 24 24 14 20 3 13 15 13 5 6 5 20 16 16 3 6 14 23 20 13 13 10 23 21 22 15 10 14 15 24 24 24 24 24 14 10 15 22 7 7 10 21 7 21 19
20 7 21 6 24 24 24 15 1 17 21 22 14 23 17 6 23 16 7 23 24 24 24 24 24 24 24 24 24 24 24 24 24 1 23 14 21 15 24 24 16 21 19 10 17 4 5 14 14 9 24 24 24 24 20 16 15 15 20 13
24 24 24 24 24 24 24 4 7 14 3 24 16 23 10 12 24 24 24 24 24 24 24 23 23 14 24 20 21 22 4 10 21 22 20 4 21 10 17 20 15 24 4 10 7 24 24 24 21 21 17 13 9 20 14 1 10 7 21 20
21 9 24 10 24 24 24 24 24 24 24 24 24 24 14 5 15 24 24 24 24 24 24 24 24 21 14 20 23 9 16 5 16 6 14 14 23 22 5 5 14 7 24 24 24 24 24 24 24 24 24 24 24 24 24 24 24 24 24 24
24 23 6 6 22 3 5 23 16 9 17 19 4 1 10 21 20 24 24 24 24 24 24 24 24 24 7 6 6 24 24 24 7 5 15 24 5 14 1 22 9 18 18 4 20 5 22 22 22 17 10 20 22 23 5 14 20 1 16 6
7 6 14 10 6 20 20 7 13 14 4 9 16 12 20 21 16 12 7 6 17 20 24 24 24 24 24 24 24 24 24 24 24 24 24 24 24 24 24 24 24 24 24 24 24 24 24 24 24 24 24 24 24 24 24 24 24 24 24 24
24 24 24 24 24 24 24 24 24 24 24 24 24 24 24 24 24 24 24 24 24 24 24 6 9 10 21 14 9 16 21 16 12 20 20 6 22 9 1 6 14 13 20 5 23 24 24 16 9 6 3 6 21 13 7 15 14 18 16
>KGP1_DROME/457-717
20 10 22 22 6 23 20 5 21 5 5 16 5 13 22 10 20 22 14 4 15 15 12 9 13 22 9 21 16 4 20 14 3 20 14 14 13 15 21 22 9 23 14 12 24 24 24 24 24 10 10 15 21 16 6 10 13 15 21 19
20 6 6 13 24 24 24 6 1 16 21 3 13 20 17 13 23 16 13 9 24 24 24 24 24 24 24 24 24 24 24 24 24 10 14 17 22 17 24 24 19 20 20 10 4 3 19 5 5 10 24 24 24 24 21 18 23 19 20 13
24 24 24 24 24 24 24 9 13 5 6 24 16 10 9 7 24 24 24 24 24 24 24 4 4 12 24 16 21 21 5 3 22 20 12 4 16 10 17 20 15 24 4 13 5 24 24 24 21 21 17 13 9 20 14 1 10 7 20 19
20 9 24 10 24 24 24 24 24 24 24 24 24 24 13 5 17 24 24 24 24 24 24 24 24 22 14 21 22 9 16 5 16 4 14 12 21 5 23 6 6 14 24 24 24 24 24 24 24 24 24 24 24 24 24 24 24 24 24 24
24 23 18 23 16 3 5 23 1 10 17 22 4 1 10 21 21 24 24 24 24 24 24 24 24 24 24 20 7 24 24 24 14 5 15 24 9 13 4 22 9 17 18 4 20 5 21 20 21 15 10 20 20 7 5 23 1 1 16 6
4 1 9 1 19 12 23 17 7 20 21 20 14 5 24 24 24 24 24 24 24 24 24 24 24 24 24 24 24 24 24 24 24 24 24 24 24 21 9 19 21 4 16 1 14 15 21 24 24 24 24 24 24 24 24 24 24 24 24 24
24 24 24 24 24 24 24 24 24 24 24 24 24 24 24 24 24 24 24 24 24 24 24 6 13 18 4 22 12 20 21 14 13 20 3 13 9 22 1 6 10 13 20 5 17 12 23 5 5 21 12 9 21 14 14 15 14 18 16
>RAD53_YEAST/198-466
6 21 21 9 10 22 22 5 12 5 4 16 4 23 22 24 24 14 14 4 21 10 13 23 23 5 14 23 16 4 22 14 21 21 6 14 13 14 22 21 5 7 19 9 24 24 24 24 24 24 24 5 22 23 13 10 20 10 22 20
12 14 20 7 24 24 24 15 1 13 21 22 13 20 14 5 16 17 10 9 24 24 24 24 24 24 24 24 24 24 24 24 24 23 10 6 17 17 24 24 19 22 19 10 16 22 6 5 5 9 24 24 24 24 20 19 9 16 22 4
24 24 24 24 24 24 24 4 15 5 4 24 22 5 10 9 24 24 24 24 24 24 24 4 5 13 24 10 21 6 13 12 21 20 23 4 21 14 17 21 15 24 6 19 5 24 24 24 21 6 15 13 9 20 14 1 9 7 21 20
21 10 24 24 24 24 24 24 24 24 24 24 24 24 12 9 9 1 24 24 24 24 24 22 20 22 14 21 23 9 16 5 20 4 14 22 12 5 7 5 6 16 24 24 24 24 24 24 24 24 24 24 24 24 24 24 24 24 24 24
24 19 14 23 16 3 5 23 20 4 17 22 4 1 10 22 21 13 5 14 9 23 6 22 6 1 9 10 17 10 10 13 7 10 17 24 6 6 20 22 9 19 18 6 19 5 3 20 22 17 22 21 20 23 5 15 20 1 16 6
5 6 23 12 9 12 20 17 14 12 21 5 13 5 6 17 15 10 5 1 20 14 9 16 24 24 24 24 24 24 24 24 24 24 13 21 24 24 24 24 24 24 24 24 24 24 24 24 24 24 24 24 24 24 24 24 24 24 24 24
24 24 24 24 24 24 24 24 24 24 24 24 24 24 24 24 24 24 24 24 24 24 24 6 10 10 4 13 9 16 21 9 6 20 20 12 22 9 1 7 7 13 6 23 24 24 24 24 24 4 4 14 4 20 7 15 1 18 21
>CDR1_SCHPO/12-258
18 13 20 5 14 23 20 5 23 5 6 23 6 3 22 24 24 13 20 4 14 15 4 14 23 5 9 20 4 4 21 14 21 21 1 21 13 24 24 24 24 24 24 24 24 24 24 24 24 17 4 6 21 5 19 10 21 20 19 19
13 20 20 13 24 24 24 15 1 7 21 20 13 20 17 9 22 18 23 9 24 24 24 24 24 24 24 24 24 24 24 24 24 15 12 15 19 17 24 24 20 4 20 10 17 22 1 9 5 10 24 24 24 24 20 16 15 17 21 13
24 24 24 24 24 24 24 14 15 5 1 24 20 6 10 13 24 24 24 24 24 24 24 10 4 4 24 15 17 20 6 12 21 20 9 4 22 4 15 3 15 24 13 16 13 24 24 24 16 13 15 13 9 20 14 20 10 7 21 20
21 14 22 7 24 24 24 24 24 24 24 24 24 24 10 12 12 24 24 24 24 24 24 24 24 21 14 21 4 9 16 5 19 4 23 22 10 1 7 9 6 3 24 24 24 24 24 24 24 24 24 24 24 24 24 24 24 24 24 24
24 20 10 7 17 3 5 6 20 15 17 20 4 1 10 21 22 24 24 24 24 24 24 24 24 24 24 6 15 24 24 24 14 1 17 13 5 4 1 4 9 22 18 6 3 5 22 21 20 17 6 20 20 6 7 14 20 1 16 5
5 12 7 23 9 22 21 17 7 14 21 13 15 5 24 24 24 24 24 24 24 24 24 24 24 24 24 24 24 24 24 24 24 24 24 24 24 24 24 4 17 9 20 1 6 6 21 24 24 24 24 24 24 24 24 24 24 24 24 24
24 24 24 24 24 24 24 24 24 24 24 24 24 24 24 24 24 24 24 24 24 24 24 6 6 4 4 12 9 20 20 15 13 19 20 9 22 7 1 6 23 13 21 23 24 24 24 24 24 21 1 10 22 16 6 15 1 16 20
>KS6A1_MOUSE/407-664
17 22 22 14 10 23 21 5 22 5 6 17 6 22 3 24 24 14 13 3 22 15 14 4 23 7 19 10 17 4 22 14 22 21 9 14 6 14 13 9 1 6 10 24 24 24 24 24 24 24 24 24 24 24 24 10 21 10 21 20
20 13 17 5 24 24 12 15 1 7 21 21 23 20 14 9 22 17 9 9 24 24 24 24 24 24 24 24 24 24 24 24 24 5 14 15 22 17 24 24 20 22 23 10 20 19 13 5 5 10 24 24 24 24 20 20 9 14 21 20
24 24 24 24 24 24 24 13 12 14 16 24 16 6 10 13 24 24 24 24 24 24 24 10 4 6 24 16 22 20 15 23 21 6 14 23 22 10 17 20 15 24 6 12 5 24 24 24 22 22 15 13 9 20 14 1 6 7 21 20
17 22 9 10 24 24 24 24 24 24 24 24 24 24 6 5 7 1 24 24 24 24 24 10 3 20 13 21 3 9 16 5 16 4 14 12 20 13 4 10 7 5 24 24 24 24 24 24 24 24 24 24 24 24 24 24 24 24 24 24
20 20 19 23 1 3 17 23 4 7 16 22 4 1 10 22 20 24 24 24 24 24 24 24 24 24 24 14 13 24 24 24 12 5 17 24 9 10 5 3 9 21 18 6 20 5 21 20 20 17 23 19 20 4 5 17 23 1 16 4
7 5 1 6 9 23 1 10 10 21 20 23 13 21 24 24 24 24 24 24 24 24 24 24 5 24 24 24 24 24 24 24 24 6 5 14 16 23 20 6 5 5 7 18 7 23 22 24 24 24 24 24 24 24 24 24 24 24 24 24
24 24 24 24 24 24 24 24 24 24 24 24 24 24 24 24 24 24 24 24 24 24 24 6 10 23 4 14 9 20 22 6 14 19 20 15 22 9 1 15 12 13 20 23 24 24 24 24 24 4 14 12 22 20 12 15 1 18 21
>PHKG2_RAT/24-291
17 9 1 14 9 21 21 5 13 5 22 6 6 22 22 24 24 13 13 3 22 15 13 4 23 5 9 10 16 4 22 14 21 19 10 22 6 4 10 13 20 6 20 10 12 20 10 10 22 13 9 4 23 13 13 10 19 15 21 20
13 12 22 4 24 24 5 15 1 15 21 21 23 20 21 9 6 17 10 6 24 24 24 24 24 24 24 24 24 24 24 24 24 6 6 16 19 16 24 24 20 22 16 9 20 19 13 14 5 10 24 24 24 24 20 16 9 17 20 23
24 24 24 24 24 24 24 10 14 22 4 24 20 6 10 14 24 24 24 24 24 24 24 10 23 13 24 6 21 19 13 6 20 20 10 4 22 7 16 20 15 24 22 7 7 24 24 24 21 22 15 13 9 20 14 1 10 7 21 20
20 9 24 24 24 24 24 24 24 24 24 24 24 24 9 7 19 24 24 24 24 24 24 24 12 21 13 20 6 9 16 5 16 6 3 15 20 10 1 5 10 14 24 24 24 24 24 24 24 24 24 24 24 24 24 24 24 24 24 24
24 20 13 10 20 3 5 23 1 5 17 20 4 1 10 21 20 14 3 6 24 24 24 24 19 9 10 23 15 24 24 24 1 5 17 24 5 14 10 22 9 20 18 4 3 5 22 21 20 16 23 20 20 4 5 6 1 1 16 18
24 24 24 24 24 24 24 24 24 24 15 13 13 12 24 24 21 20 19 20 13 19 21 19 10 24 24 24 24 24 24 24 24 24 5 12 17 12 16 6 6 1 10 18 9 9 13 24 24 24 24 24 24 24 24 24 24 24 24 24
24 24 24 24 24 24 24 24 24 24 24 24 24 24 24 24 24 24 24 24 24 24 24 6 7 23 22 14 9 20 21 4 14 20 20 12 22 9 1 7 4 13 20 23 24 24 24 24 24 4 10 12 4 20 12 15 1 16 16
>KCC4_MOUSE/42-296
16 10 22 10 6 10 20 5 13 5 4 23 6 21 22 24 24 17 13 3 14 12 14 5 23 12 14 1 17 4 20 14 22 20 14 14 23 22 9 14 24 24 24 24 24 24 24 24 24 24 14 21 22 13 23 10 21 5 22 20
20 13 20 6 24 24 24 15 1 7 21 21 14 20 14 10 21 16 10 23 24 24 24 24 24 24 24 24 24 24 24 24 24 1 23 10 21 6 24 24 20 22 20 10 20 22 23 5 5 10 24 24 24 24 20 16 9 13 21 22
24 24 24 24 24 24 24 10 14 5 17 24 17 6 10 13 24 24 24 24 24 24 24 9 4 13 24 9 4 22 14 12 21 20 10 4 22 4 17 20 15 24 10 7 5 24 24 24 21 22 15 13 9 20 14 1 10 7 20 20
17 4 24 24 24 24 24 24 24 24 24 24 24 24 23 1 4 1 9 24 24 24 24 4 1 20 14 21 4 9 16 5 20 6 14 21 22 10 15 12 22 20 24 24 24 24 24 24 24 24 24 24 24 24 24 24 24 24 24 24
24 19 14 23 22 3 5 23 1 5 17 3 4 1 10 21 20 24 24 24 24 24 24 24 24 24 24 13 5 24 24 24 3 4 17 24 5 1 10 22 9 19 18 6 22 5 21 21 23 17 21 20 20 3 5 16 10 1 16 17
9 10 13 5 9 24 24 24 24 24 24 24 24 24 24 24 12 16 19 16 13 13 21 20 7 24 24 24 24 24 24 24 24 24 3 10 17 17 16 21 6 1 18 18 9 10 22 24 24 24 24 24 24 24 24 24 24 24 24 24
24 24 24 24 24 24 24 24 24 24 24 24 24 24 24 24 24 24 24 24 24 24 24 6 20 7 4 14 9 20 22 14 14 20 21 22 20 9 1 14 14 13 20 23 24 24 24 24 24 23 16 12 4 20 12 15 1 18 22
>MYLK_CHICK/1453-1708
17 7 21 10 10 13 20 5 6 5 14 16 5 12 22 24 24 16 13 20 22 10 14 14 23 5 14 22 18 4 5 14 16 16 14 4 17 6 4 14 10 14 10 7 24 24 24 24 24 24 24 24 21 13 9 10 21 6 21 19
7 3 20 15 24 24 24 15 1 14 20 22 12 3 22 9 4 16 10 10 24 24 24 24 24 24 24 24 24 24 24 24 24 14 4 7 21 22 24 24 19 22 20 10 19 22 6 5 5 10 24 24 24 24 20 16 10 13 21 21
24 24 24 24 24 24 24 9 10 9 16 10 20 23 10 13 24 24 24 24 24 24 24 10 3 21 24 14 17 19 13 12 21 6 10 5 22 10 17 21 15 24 14 12 5 24 24 24 21 22 15 20 9 20 14 1 10 7 21 19
3 22 7 14 24 24 24 24 24 24 24 24 24 24 23 5 23 24 24 24 24 24 24 24 6 21 14 20 21 9 16 5 20 4 13 13 20 10 6 4 5 6 24 24 24 24 24 24 24 24 24 24 24 24 24 24 24 24 24 24
24 20 14 22 20 16 5 23 1 10 16 22 4 1 10 22 21 24 24 24 24 24 24 24 24 24 24 7 17 24 24 24 10 1 21 24 5 17 10 23 9 19 18 6 21 5 22 21 3 17 21 20 22 6 5 20 6 1 16 19
5 9 7 9 7 10 23 20 4 7 22 23 6 4 24 24 24 24 24 24 24 24 24 24 24 24 24 24 24 24 24 24 24 24 24 23 18 9 16 9 9 10 4 16 9 10 21 24 24 24 24 24 24 24 24 24 24 24 24 24
24 24 24 24 24 24 24 24 24 24 24 24 24 24 24 24 24 24 24 24 24 24 24 6 9 9 4 14 9 16 21 6 7 20 20 14 14 9 19 14 6 13 20 7 24 24 24 24 24 3 23 12 3 20 12 15 1 18 20
>CDPK_SOYBN/34-292
17 10 22 5 13 14 20 5 12 5 12 16 5 23 23 24 24 16 10 3 23 13 13 4 6 5 5 14 16 4 3 14 6 21 1 14 13 14 20 20 3 14 10 9 24 24 24 24 24 17 10 9 22 18 13 10 21 12 21 19
15 15 20 6 24 24 10 15 4 7 22 22 13 21 10 5 23 17 10 9 24 24 24 24 24 24 24 24 24 24 24 24 24 6 23 4 22 15 24 24 20 22 19 10 20 3 10 5 5 10 24 24 24 24 20 16 9 13 21 22
24 24 24 24 24 24 24 12 14 5 15 24 17 6 10 13 24 24 24 24 24 24 24 12 4 4 24 13 20 21 14 23 21 22 10 22 22 10 4 3 15 24 6 20 5 24 24 24 22 19 15 13 9 20 14 1 10 7 16 20
16 9 24 24 24 24 24 24 24 24 24 24 24 24 23 21 9 10 9 24 24 24 24 4 14 20 14 4 23 9 16 5 20 6 22 16 17 14 1 5 10 6 24 24 24 24 24 24 24 24 24 24 24 24 24 24 24 24 24 24
24 16 3 9 22 22 5 6 1 17 17 22 4 1 10 22 20 24 24 24 24 24 24 24 24 24 24 24 24 24 24 24 13 14 20 17 5 1 10 6 9 22 18 6 4 5 22 21 20 17 21 20 20 6 5 22 1 1 16 18
4 10 6 10 1 5 21 16 13 12 21 20 20 5 24 24 24 24 24 24 24 24 24 24 24 24 24 24 24 24 24 24 24 24 24 14 20 9 16 15 6 10 1 18 1 6 21 24 24 24 24 24 24 24 24 24 24 24 24 24
24 24 24 24 24 24 24 24 24 24 24 24 24 24 24 24 24 24 24 24 24 24 24 6 9 6 4 14 9 20 21 13 14 19 20 9 12 7 1 14 23 13 20 23 24 24 24 24 24 4 15 10 22 20 13 15 1 18 21
>Q8I534_PLAF7/111-364
17 22 20 7 14 14 21 5 14 5 6 16 6 23 4 24 24 17 21 5 23 7 21 20 17 5 7 13 22 22 22 14 10 22 9 14 6 14 22 14 10 24 24 24 24 24 24 24 24 24 6 7 22 17 23 10 21 10 22 20
13 14 22 19 24 24 24 15 14 17 21 21 14 20 21 6 4 17 10 12 24 24 24 24 24 24 24 24 24 24 24 24 24 10 5 16 22 17 24 24 20 22 20 10 17 20 14 5 5 10 24 24 24 24 20 16 10 17 20 7
24 24 24 24 24 24 24 7 7 5 1 24 17 23 10 12 24 24 24 24 24 24 24 22 4 14 24 14 4 19 14 13 22 20 21 4 20 10 4 20 15 24 6 7 5 24 24 24 22 22 15 13 9 20 14 19 10 7 20 19
20 10 24 24 24 24 24 24 24 24 24 24 24 24 7 1 7 9 1 24 24 24 24 6 6 20 14 21 21 9 16 5 20 4 6 16 20 7 6 1 6 24 24 24 24 24 24 24 24 24 24 24 24 24 24 24 24 24 24 24
24 19 7 19 13 3 5 6 1 5 17 22 4 1 10 21 20 24 24 24 24 24 24 24 24 24 24 14 3 24 24 24 4 6 17 24 5 23 14 22 9 21 16 6 20 5 22 21 20 16 7 21 20 3 5 17 1 1 16 13
5 7 7 22 14 10 21 16 14 14 7 19 13 3 24 24 24 24 24 24 24 24 24 24 24 24 24 24 24 24 24 24 24 24 24 15 21 6 16 7 23 14 15 18 21 7 14 24 24 24 24 24 24 24 24 24 24 24 24 24
24 24 24 24 24 24 24 24 24 24 24 24 24 24 24 24 24 24 24 24 24 24 24 6 10 6 22 14 10 21 21 20 18 19 3 3 14 7 1 9 9 13 3 23 24 24 24 24 24 4 20 12 4 20 5 15 12 18 16
>CHK1_SCHPO/10-272
17 15 21 5 13 10 21 5 23 5 4 16 4 6 22 24 24 13 20 3 17 24 9 9 7 4 14 21 17 4 22 14 16 22 7 14 14 15 4 23 6 3 19 7 4 5 24 22 18 4 13 13 19 4 6 10 21 12 20 15
14 20 3 7 24 24 5 15 14 7 21 21 15 16 17 7 23 4 10 7 24 24 24 24 24 24 24 24 24 24 24 24 24 1 12 18 13 18 24 24 22 22 20 10 16 4 12 5 5 9 24 24 24 24 20 16 9 14 21 10
24 24 24 24 24 24 24 1 9 22 5 24 21 9 10 9 24 24 24 24 24 24 24 22 4 12 24 16 17 16 4 12 20 19 10 5 21 6 16 19 15 24 6 14 5 24 24 24 22 4 15 13 9 20 14 1 10 7 21 20
20 9 24 17 24 24 24 24 24 24 24 24 24 24 7 5 7 24 24 24 24 24 24 24 24 20 14 21 6 9 16 5 16 4 6 20 16 6 17 14 5 14 6 24 24 24 24 24 24 24 24 24 24 24 24 24 24 24 24 13
20 20 7 6 1 22 5 6 1 1 17 4 4 1 10 21 23 24 24 24 24 24 24 24 24 24 24 24 24 24 24 24 12 12 17 9 5 6 14 22 9 22 18 6 3 5 21 21 20 16 4 20 20 20 5 7 23 1 18 9
24 24 24 24 24 24 24 24 24 24 24 24 24 24 24 24 24 24 24 24 10 4 21 6 7 23 5 9 17 20 20 17 14 14 12 3 10 13 1 6 17 15 1 18 7 20 20 24 24 24 24 24 24 24 24 24 24 24 24 24
24 24 24 24 24 24 24 24 24 24 24 24 24 24 24 24 24 24 24 24 24 24 24 6 1 5 4 17 6 21 21 23 5 19 20 13 6 9 1 16 14 13 17 6 24 24 24 24 24 22 14 15 22 22 12 15 1 18 20
>FUSED_DROME/4-254
17 4 22 6 6 20 22 5 12 5 6 16 5 3 22 24 24 17 14 4 23 13 14 9 9 6 14 22 22 4 21 14 22 21 6 14 13 5 13 4 23 14 10 20 24 24 24 24 24 24 14 7 20 13 13 10 3 9 21 12
4 13 20 14 24 24 24 15 1 15 22 21 10 19 21 10 6 16 10 6 24 24 24 24 24 24 24 24 24 24 24 24 24 14 23 9 20 16 24 24 22 22 23 10 16 4 20 19 9 24 24 24 24 24 20 15 13 17 20 6
24 24 24 24 24 24 24 17 7 5 4 24 19 5 10 10 24 24 24 24 24 24 24 1 4 13 24 13 22 23 5 15 20 22 6 4 20 17 17 20 15 24 6 7 13 24 24 24 21 20 15 13 9 20 14 1 12 7 22 20
20 9 24 24 24 24 24 24 24 24 24 24 24 24 14 7 19 24 24 24 24 24 24 24 15 4 14 20 3 9 16 5 20 4 13 7 19 23 20 5 23 15 24 24 24 24 24 24 24 24 24 24 24 24 24 24 24 24 24 24
22 20 23 6 21 14 5 23 1 20 17 19 4 1 10 20 20 24 24 24 24 24 24 24 24 24 24 4 10 24 24 24 12 1 17 24 9 15 15 4 9 19 18 6 20 5 3 21 4 17 10 6 19 4 5 12 1 1 16 3
4 6 6 21 20 15 20 22 14 19 21 14 15 10 24 24 24 24 24 24 24 24 24 24 24 24 24 24 24 24 24 24 24 24 24 24 24 24 24 9 22 14 18 1 6 23 20 24 24 24 24 24 24 24 24 24 24 24 24 24
24 24 24 24 24 24 24 24 24 24 24 24 24 24 24 24 24 24 24 24 24 24 24 23 6 10 3 13 6 16 20 12 5 20 20 10 14 9 1 5 20 13 21 6 24 24 24 24 24 18 23 12 20 20 3 15 1 16 22
