
>RAB9A_CANLF/9-174
14 22 21 20 20 5 9 5 5 22 5 14 6 6 20 19 7 13 17 22 23 7 14 16 9 23 12 20 16 15 23 21 5 22 10 24 24 24 24 24 16 20 7 14 9 20 10 22 9 24 24 24 24 24 24 24 24 24 24 5 15 16 22 23 19 12 21 18 9 23 4 5 12 10 13 16 13 6 20 13 23 1 16 17 13 5 6 9 3 3 20 20 23 16 6 22 9 9 6 12 6 16 12 7 20 6 24 7 18 14 14 10 16 21 17 17 4 9 22 14 24 24 24 24 24 24 10 1 10 6 16 1 16 22 21 20 5 7 14 21 9 21 6 24 24 24 24 24 24 24 24 24 24 24 24 24 24 24 24 24 24 24 24 24 24 24 24 24 24 24 24 24 24 24 24 24 24 10 13 12 22 6 23 10 10 4 12 4 18 3 24 24 24 24 24 24 24 13 9 7 5 9 17 1 17 16 10 23 6 4 14 9 4 23 7 22 4 4 4 16 10 10 4 22 13 13 22 20 4
>RAB9A_CANLF/9-174_SS
10 10 10 10 10 23 23 6 6 15 15 15 15 15 15 15 15 15 15 6 6 10 10 10 10 10 10 24 24 24 24 24 10 10 10 10 10 10 10 10 23 24 24 24 24 24 24 24 24 24 24 23 10 10 10 10 10 10 10 10 10 10 10 6 6 5 5 5 15 15 15 15 15 15 15 15 23 23 6 10 10 10 10 10 10 10 23 23 15 15 15 15 15 23 15 15 24 15 15 15 15 15 15 15 15 15 3 23 6 24 24 24 24 24 24 5 3 3 6 10 10 10 10 10 10 23 23 6 24 24 24 24 24 24 24 24 24 24 24 24 24 24 24 24 24 24 24 24 24 24 24 24 24 24 24 24 24 24 24 24 24 24 6 6 6 15 15 15 15 15 15 15 15 24 24 24 24 24 24 24 15 15 23 23 10 10 10 23 23 23 23 23 15 15 15 15 15 15 15 15 15 15 15 15 15
>YPT7_YEAST/10-178
14 22 21 21 20 5 9 6 5 22 5 14 23 6 20 19 15 13 17 22 7 9 14 17 6 12 12 17 14 4 23 21 5 4 9 24 24 24 24 24 16 20 23 14 10 22 23 22 9 24 24 24 24 24 24 24 24 24 5 9 14 22 4 23 19 12 22 18 9 23 4 5 12 10 13 16 12 6 20 5 22 4 16 17 13 5 4 9 3 3 22 20 22 17 9 22 23 7 4 6 6 16 10 7 21 14 24 6 18 13 9 10 16 20 22 15 4 7 22 7 24 24 24 24 24 24 6 1 10 23 16 1 16 22 21 20 5 7 14 21 9 4 10 10 24 24 24 24 24 24 24 24 24 24 24 24 24 24 24 24 24 24 24 24 24 24 24 24 24 24 24 24 24 24 24 24 6 14 14 21 22 6 10 14 6 4 12 10 20 4 24 24 24 24 24 24 24 14 6 20 5 9 21 1 20 16 20 23 6 4 14 7 4 21 7 22 9 23 4 16 10 10 21 4 13 6 4 20 12
>YPT7_YEAST/10-178_SS
10 10 10 10 10 10 23 23 6 6 15 15 15 15 15 15 15 15 15 15 6 6 6 6 10 10 24 24 24 24 24 10 10 10 10 10 10 10 10 23 24 24 24 24 24 24 24 24 24 23 23 10 10 10 10 10 10 10 10 10 10 6 6 5 5 5 23 23 3 3 5 5 5 23 23 6 10 10 10 10 10 10 10 23 23 8 15 15 15 15 15 23 15 15 24 15 15 15 15 15 15 15 15 15 15 23 6 24 24 24 24 24 24 23 23 23 6 10 10 10 10 10 10 23 23 6 3 24 24 24 24 24 24 24 24 24 24 24 24 24 24 24 24 24 24 24 24 24 24 24 24 24 24 24 24 24 24 24 24 3 3 6 15 15 15 15 15 15 15 15 24 24 24 24 24 24 24 15 15 23 23 6 10 10 10 10 8 23 23 23 23 8 6 15 15 15 15 15 15 15 15 15 15 15 15 15 15
>RAA1A_ARATH/15-176
14 20 22 20 21 5 9 6 5 22 5 14 6 7 20 20 6 13 16 23 14 7 10 16 7 20 10 6 14 6 23 21 5 22 10 24 24 24 24 24 16 4 23 14 23 23 14 22 10 24 24 24 24 24 24 24 24 24 24 5 14 22 22 14 4 12 21 18 9 23 4 5 12 10 13 17 13 4 21 23 6 4 17 17 13 5 4 22 5 4 20 20 21 17 9 22 23 13 15 4 23 16 10 7 4 4 24 13 18 20 13 10 20 13 5 15 23 9 24 24 24 24 24 24 24 24 24 24 1 7 21 22 22 19 20 21 5 7 14 3 9 20 13 15 24 24 24 24 24 24 24 24 24 24 24 24 24 24 24 24 24 24 24 24 24 24 24 24 24 24 24 24 24 24 24 24 24 20 22 4 22 14 23 10 10 4 14 4 16 4 24 24 24 24 24 24 24 10 13 10 6 24 20 17 16 19 10 23 6 4 20 9 4 23 7 22 10 7 4 16 23 10 22 20 23 12 21 15 14
>RAA1A_ARATH/15-176_SS
10 10 10 10 10 6 23 23 6 6 15 15 15 15 15 15 15 15 15 15 6 6 6 23 6 6 6 10 10 24 24 24 24 24 10 10 10 10 10 10 10 10 23 24 24 24 24 24 24 24 24 24 24 23 10 10 10 10 10 10 10 10 10 10 5 6 5 23 23 23 23 23 23 15 15 15 15 15 23 23 10 6 10 10 10 10 10 10 10 23 23 15 15 15 15 15 23 15 15 24 15 15 15 15 15 15 15 23 23 6 24 24 24 24 24 24 24 24 24 24 23 23 10 10 10 10 10 10 10 23 23 5 5 24 24 24 24 24 24 24 24 24 24 24 24 24 24 24 24 24 24 24 24 24 24 24 24 24 24 24 24 24 24 24 24 24 5 6 15 15 15 15 15 15 15 15 24 24 24 24 24 24 24 15 15 15 23 24 10 10 10 10 10 8 23 23 23 23 23 23 15 15 15 15 15 15 15 15 15 15 15 15 15 15
>YPT31_YEAST/15-176
14 21 22 20 21 5 9 6 5 22 5 14 6 7 20 20 6 13 16 23 14 7 10 16 7 19 9 6 14 6 23 21 5 22 10 24 24 24 24 24 16 4 23 13 23 20 10 21 9 24 24 24 24 24 24 24 24 24 24 5 14 13 21 14 4 12 21 18 9 23 4 5 12 10 13 17 13 4 21 23 6 4 17 17 13 5 4 22 5 4 20 21 22 17 9 21 6 14 6 6 6 17 10 7 3 7 24 15 18 20 6 10 20 13 10 7 4 9 24 24 24 24 24 24 24 24 24 24 9 7 22 4 22 5 20 21 5 7 14 6 9 20 4 15 24 24 24 24 24 24 24 24 24 24 24 24 24 24 24 24 24 24 24 24 24 24 24 24 24 24 24 24 24 24 24 24 24 20 13 4 22 1 23 10 10 6 14 23 16 4 24 24 24 24 24 24 24 12 10 7 12 24 20 20 16 23 10 23 6 4 20 7 6 10 7 22 9 14 4 16 10 10 20 21 7 23 21 17 12
>YPT31_YEAST/15-176_SS
10 10 10 10 10 6 23 23 6 6 15 15 15 15 15 15 15 15 15 15 6 24 24 24 24 24 10 10 10 10 10 10 10 10 23 24 24 24 24 24 24 24 24 24 24 23 10 10 10 10 10 10 10 10 23 23 23 23 23 23 23 5 5 5 23 23 23 10 10 10 10 10 10 15 15 15 15 15 15 15 15 24 15 15 15 15 15 15 15 15 15 24 24 24 24 24 24 24 24 24 24 10 10 10 10 10 10 5 5 5 5 5 24 24 24 24 24 24 24 24 24 24 24 24 24 24 24 24 24 24 24 24 24 24 24 24 24 24 24 24 24 24 24 24 24 5 6 15 15 15 15 15 15 15 15 24 24 24 24 24 24 24 15 15 23 23 24 10 10 10 10 15 15 15 15 15 15 15 15 15 15 15 15 23 23
>RAB2A_HUMAN/8-169
14 17 21 21 21 5 9 23 5 22 5 14 6 3 20 20 20 12 16 23 9 14 13 16 12 1 22 15 9 20 23 21 5 22 10 24 24 24 24 24 16 5 4 13 19 21 23 21 9 24 24 24 24 24 24 24 24 24 24 5 14 12 21 14 20 12 21 18 9 23 4 5 12 10 6 16 13 6 21 23 13 6 17 17 13 5 4 4 5 4 20 20 22 17 9 21 23 13 13 9 23 16 7 15 20 23 24 23 18 20 10 9 4 13 12 15 6 7 24 24 24 24 24 24 24 24 24 24 6 7 19 22 21 19 20 21 5 7 14 6 9 20 10 6 24 24 24 24 24 24 24 24 24 24 24 24 24 24 24 24 24 24 24 24 24 24 24 24 24 24 24 24 24 24 24 24 24 13 13 10 22 14 14 10 10 5 10 4 16 4 24 24 24 24 24 24 24 13 10 15 5 24 20 21 16 19 10 23 6 4 14 23 4 6 7 22 10 10 4 16 21 7 23 4 14 10 21 17 10
>RAB2A_HUMAN/8-169_SS
10 10 10 10 10 10 6 23 23 6 6 15 15 15 15 15 15 15 15 15 15 6 6 23 3 10 10 24 24 24 24 24 10 10 10 10 10 10 10 10 23 24 24 24 24 24 24 24 24 24 24 23 10 10 10 10 10 10 10 10 10 10 3 23 23 23 3 3 5 15 15 15 15 23 23 10 10 10 10 10 10 10 10 10 23 23 15 15 15 15 15 23 15 15 24 15 15 15 15 15 15 15 15 15 6 24 24 24 24 24 24 24 24 24 24 23 23 6 10 10 10 10 10 10 10 23 23 5 5 24 24 24 24 24 24 24 24 24 24 24 24 24 24 24 24 24 24 24 24 24 24 24 24 24 24 24 24 24 24 24 24 24 5 6 15 15 15 15 15 15 15 15 24 24 24 24 24 24 24 15 15 15 23 24 10 10 10 10 10 8 23 23 23 23 23 23 15 15 15 15 15 15 15 15 15 15 15 15 15 15
>RAB4A_HUMAN/15-176
14 16 20 22 21 5 7 4 5 23 5 14 6 3 20 20 15 12 16 21 10 14 14 16 14 9 9 6 7 15 23 21 5 22 10 24 24 24 24 24 16 5 6 14 21 21 7 22 5 24 24 24 24 24 24 24 24 24 24 5 14 17 22 14 20 12 21 18 9 23 4 5 12 10 13 16 13 6 22 23 13 6 17 17 13 5 4 4 5 4 20 20 22 17 9 21 23 6 13 10 23 17 7 4 20 23 24 7 18 20 23 9 4 13 19 20 4 6 24 24 24 24 24 24 24 24 24 24 12 7 21 22 21 21 20 3 5 7 14 14 9 20 9 4 24 24 24 24 24 24 24 24 24 24 24 24 24 24 24 24 24 24 24 24 24 24 24 24 24 24 24 24 24 24 24 24 24 9 13 10 22 23 16 20 10 4 6 13 16 4 24 24 24 24 24 24 24 12 10 7 10 24 20 19 16 20 10 23 6 4 20 23 5 10 7 22 10 10 4 16 22 12 3 4 13 14 21 20 7
>RAB4A_HUMAN/15-176_SS
10 10 10 10 10 10 6 23 23 6 6 15 15 15 15 15 15 15 15 15 15 6 6 23 23 6 6 10 10 24 24 24 24 24 10 10 10 10 10 10 10 10 23 24 24 24 24 24 24 24 24 24 24 23 10 10 10 10 10 10 10 10 10 10 23 23 6 5 5 5 15 15 15 15 15 23 23 3 23 23 6 10 10 10 10 10 10 10 23 23 15 15 15 15 15 23 15 15 24 15 15 15 15 15 15 15 15 15 6 24 24 24 24 24 24 24 24 24 24 23 23 10 10 10 10 10 10 10 5 5 5 5 5 24 24 24 24 24 24 24 24 24 24 24 24 24 24 24 24 24 24 24 24 24 24 24 24 24 24 24 24 24 24 24 24 24 5 6 15 15 15 15 15 15 15 15 24 24 24 24 24 24 24 15 15 23 23 24 10 10 10 10 10 23 23 23 23 23 15 15 15 15 15 15 15 15 15 15 15 15 15 15
>RAB8A_HUMAN/10-171
14 20 20 20 21 5 9 6 5 22 5 14 23 3 22 20 16 13 16 6 10 9 4 16 7 6 23 16 21 6 23 21 5 21 9 24 24 24 24 24 16 14 21 13 23 21 10 20 9 24 24 24 24 24 24 24 24 24 24 5 14 13 21 14 20 12 21 18 9 23 4 5 12 10 13 16 13 23 21 23 23 4 17 17 13 5 4 19 5 21 19 20 22 17 9 21 23 7 10 14 6 16 9 7 21 13 24 7 18 21 13 7 21 10 10 15 4 6 24 24 24 24 24 24 24 24 24 24 4 9 22 10 14 19 21 20 5 7 14 3 9 22 7 9 24 24 24 24 24 24 24 24 24 24 24 24 24 24 24 24 24 24 24 24 24 24 24 24 24 24 24 24 24 24 24 24 24 14 13 12 22 6 14 10 13 5 10 14 20 4 24 24 24 24 24 24 24 20 9 17 5 24 21 14 16 19 10 23 6 4 14 4 7 21 7 22 10 7 4 16 16 23 20 4 13 9 21 14 4
>RAB8A_HUMAN/10-171_SS
10 10 10 10 10 10 6 23 23 6 6 15 15 15 15 15 15 15 15 15 15 6 6 6 6 23 6 6 23 23 23 23 6 10 10 24 24 24 24 24 10 10 10 10 10 10 10 10 23 24 24 24 24 24 24 24 24 24 24 23 10 10 10 10 10 10 10 10 10 10 23 23 6 5 5 5 15 15 15 15 15 15 23 6 23 23 10 6 10 10 10 10 10 10 10 23 23 15 15 15 15 15 23 15 15 24 15 15 15 15 15 15 15 15 15 6 8 24 24 24 24 24 24 24 24 24 24 23 23 6 10 10 10 10 10 10 10 23 23 23 5 5 24 24 24 24 24 24 24 24 24 24 24 24 24 24 24 24 24 24 24 24 24 24 24 24 24 24 24 24 24 24 24 24 24 5 6 15 15 15 15 15 15 15 15 24 24 24 24 24 24 24 15 15 15 23 24 10 10 10 10 10 8 23 23 23 23 8 6 15 15 15 15 15 15 15 15 15 15 15 15 15 15
>SEC4_YEAST/22-182
14 21 20 20 21 5 9 6 5 22 5 14 6 3 20 20 22 13 16 22 10 9 14 16 7 1 6 16 21 23 23 21 5 21 9 24 24 24 24 24 16 14 21 14 23 22 9 21 7 24 24 24 24 24 24 24 24 24 24 5 14 14 22 14 20 12 20 18 9 23 4 5 12 10 13 16 13 23 21 23 23 4 17 17 13 5 4 19 5 21 21 20 22 17 9 22 23 9 10 13 23 16 23 7 21 14 24 12 18 16 14 23 22 7 10 15 4 7 24 24 24 24 24 24 24 24 24 9 10 24 4 12 20 20 20 22 5 7 14 6 9 19 10 24 24 24 24 24 24 24 24 24 24 24 24 24 24 24 24 24 24 24 24 24 24 24 24 24 24 24 24 24 24 24 24 24 24 23 13 22 22 23 4 9 12 5 10 4 20 4 24 24 24 24 24 24 24 14 10 20 5 24 21 1 16 21 10 6 6 4 14 7 9 9 7 22 7 10 21 16 16 23 20 4 14 20 21 12 10
>SEC4_YEAST/22-182_SS
10 10 10 10 10 6 6 23 23 6 6 15 15 15 15 15 15 15 15 15 15 6 6 6 6 23 6 3 23 23 23 6 6 10 10 24 24 24 24 24 10 10 10 10 10 10 10 3 23 24 24 24 24 24 24 24 24 24 24 23 10 10 10 10 10 10 10 10 10 10 23 23 5 5 5 23 15 15 15 15 15 15 15 15 23 23 10 6 10 10 10 10 10 10 10 23 23 15 15 15 15 15 23 15 15 24 15 15 15 15 15 15 15 15 15 6 23 24 24 24 24 24 24 24 24 24 23 23 24 6 10 10 10 10 10 10 10 23 23 6 23 24 24 24 24 24 24 24 24 24 24 24 24 24 24 24 24 24 24 24 24 24 24 24 24 24 24 24 24 24 24 24 24 24 24 23 6 15 15 15 15 15 15 15 15 24 24 24 24 24 24 24 15 15 15 23 24 6 10 10 10 10 8 23 23 23 23 8 6 15 15 15 15 15 15 15 15 15 15 15 15 15 15
>RAB3_DROME/23-184
14 20 20 21 21 5 7 6 6 22 5 14 23 6 16 20 16 13 17 4 9 9 6 16 23 6 4 16 22 6 23 22 5 21 9 24 24 24 24 24 16 14 22 14 23 22 16 13 15 24 24 24 24 24 24 24 24 24 24 9 14 13 22 14 20 12 21 18 9 23 4 5 12 10 13 17 13 23 21 23 23 4 17 17 13 5 4 19 5 16 21 20 19 17 9 22 23 7 10 9 6 16 7 6 22 12 24 9 18 22 23 12 21 14 23 17 6 18 24 24 24 24 24 24 24 24 24 24 9 7 4 12 22 21 20 22 5 7 14 3 9 19 10 9 24 24 24 24 24 24 24 24 24 24 24 24 24 24 24 24 24 24 24 24 24 24 24 24 24 24 24 24 24 24 24 24 24 12 13 22 21 6 16 10 13 5 13 12 20 4 24 24 24 24 24 24 24 9 12 20 5 24 22 10 16 16 10 23 6 4 14 10 7 22 7 22 14 4 22 16 10 13 20 22 9 21 21 3 9
>RAB3_DROME/23-184_SS
10 10 10 10 10 10 6 23 23 6 6 15 15 15 15 15 15 15 15 15 15 6 6 6 10 10 24 24 24 24 24 10 10 10 10 10 10 10 10 23 24 24 24 24 24 24 24 24 24 24 23 10 10 10 10 10 10 10 10 10 10 6 5 5 5 15 15 15 15 15 3 23 23 23 23 6 10 10 10 10 10 10 10 23 23 15 15 15 15 15 23 15 15 24 15 15 15 15 15 15 15 15 15 6 24 24 24 24 24 24 24 24 24 24 23 23 10 10 10 10 10 10 10 23 23 5 5 24 24 24 24 24 24 24 24 24 24 24 24 24 24 24 24 24 24 24 24 24 24 24 24 24 24 24 24 24 24 24 24 24 5 6 15 15 15 15 15 15 15 15 24 24 24 24 24 24 24 15 15 15 23 24 10 10 10 10 8 23 23 23 23 8 6 15 15 15 15 15 15 15 15 15 15 15 15 15 15
>YPT1_YEAST/10-171
14 20 20 20 21 5 7 6 5 22 5 14 6 3 20 20 20 13 16 6 9 9 23 17 23 7 9 17 21 6 23 21 5 22 9 24 24 24 24 24 16 14 21 14 23 22 10 20 9 24 24 24 24 24 24 24 24 24 24 5 14 23 22 14 20 12 21 18 9 23 4 5 12 10 13 16 13 23 21 23 6 6 17 17 13 5 6 15 5 21 21 21 22 17 9 22 23 9 12 10 6 16 7 5 22 14 24 19 18 20 12 10 21 9 13 17 4 23 24 24 24 24 24 24 24 24 24 24 6 23 22 20 14 20 20 22 5 7 14 3 9 20 14 9 24 24 24 24 24 24 24 24 24 24 24 24 24 24 24 24 24 24 24 24 24 24 24 24 24 24 24 24 24 24 24 24 24 14 13 22 22 10 17 9 22 4 14 10 16 4 24 24 24 24 24 24 24 9 4 7 14 24 19 1 16 20 10 23 6 4 20 9 6 23 7 22 10 9 4 16 20 23 19 4 13 12 21 14 10
>YPT1_YEAST/10-171_SS
10 10 10 10 10 10 6 23 23 6 6 15 15 15 15 15 15 3 3 6 15 6 23 23 23 23 6 6 6 10 10 24 24 24 24 24 10 10 10 10 10 10 10 10 23 24 24 24 24 24 24 24 24 24 24 23 10 10 10 10 10 10 10 10 10 10 23 23 6 6 23 15 15 15 15 15 15 15 15 6 6 23 6 10 10 10 10 10 10 10 6 6 23 15 15 15 15 15 15 15 24 15 15 15 15 15 15 15 15 15 6 24 24 24 24 24 24 24 24 24 24 23 23 6 10 10 10 10 10 10 10 6 23 6 23 23 24 24 24 24 24 24 24 24 24 24 24 24 24 24 24 24 24 24 24 24 24 24 24 24 24 24 24 24 24 24 24 24 24 5 6 15 15 15 15 15 15 15 15 24 24 24 24 24 24 24 15 15 3 23 24 10 10 10 6 6 6 23 15 15 15 15 15 15 15 15 15 15 15 15 15 15 15
>VPS21_YEAST/9-173
14 20 22 20 20 5 10 4 4 22 5 14 6 6 21 22 20 13 16 22 6 7 9 16 4 10 7 14 10 1 23 21 5 4 4 24 24 24 24 24 16 20 23 12 13 22 23 21 7 24 24 24 24 24 24 24 24 24 24 10 15 23 22 14 16 10 21 18 9 23 4 5 12 10 13 16 4 6 20 4 1 19 17 17 13 7 4 12 4 4 20 22 22 17 9 22 23 14 1 12 6 16 21 14 4 13 24 15 18 22 14 10 20 15 10 12 4 6 24 24 24 24 24 24 24 24 24 24 14 9 21 21 21 4 20 22 5 7 14 21 9 19 20 12 10 5 24 24 24 24 24 24 24 24 24 24 24 24 24 24 24 24 24 24 24 24 24 24 24 24 24 24 24 24 24 5 10 24 13 14 22 4 13 10 10 5 10 14 20 4 24 24 24 24 24 24 24 10 10 14 5 24 20 20 16 16 10 23 6 4 14 23 5 10 7 22 7 9 22 16 20 5 21 5 10 14 21 1 20
>VPS21_YEAST/9-173_SS
10 10 10 10 10 6 23 23 6 6 15 15 15 15 15 15 15 15 15 15 6 23 23 6 6 10 10 24 24 24 24 24 10 10 10 10 10 10 10 10 23 24 24 24 24 24 24 24 24 24 24 23 10 10 10 10 10 10 10 10 10 10 6 5 5 5 5 5 5 15 15 15 15 15 23 23 6 10 10 10 10 10 10 10 23 23 15 15 15 15 15 15 15 15 24 15 15 15 15 15 15 15 15 15 6 24 24 24 24 24 24 24 24 24 24 23 23 10 10 10 10 10 10 10 5 5 5 5 5 6 6 24 24 24 24 24 24 24 24 24 24 24 24 24 24 24 24 24 24 24 24 24 24 24 24 24 24 24 24 24 24 6 15 15 15 15 15 15 15 15 24 24 24 24 24 24 24 15 15 15 23 24 10 10 10 10 23 23 23 23 23 15 15 15 15 15 15 15 15 15 23 23 6
>GSP1_YEAST/14-170
14 20 22 20 22 5 9 5 5 23 5 14 23 23 16 22 14 13 15 20 23 5 10 16 10 14 14 17 21 4 23 21 5 22 10 24 24 24 24 24 22 15 1 20 6 16 17 23 7 24 24 24 24 24 24 24 24 24 24 16 5 10 21 14 16 9 22 18 9 23 4 5 12 10 14 16 5 5 20 13 9 5 17 17 21 7 4 12 3 4 21 21 19 16 9 22 23 6 13 21 23 17 14 7 22 1 24 7 18 15 13 9 20 22 13 22 3 10 24 24 24 24 24 24 24 24 24 24 24 7 21 1 21 22 20 3 5 7 14 22 9 22 14 24 24 24 24 24 24 24 24 24 24 24 24 24 24 24 24 24 24 24 24 24 24 24 24 24 24 24 24 24 24 24 24 24 24 10 13 14 22 14 4 14 23 24 21 23 16 15 24 24 24 24 24 24 24 13 14 14 7 24 20 12 17 17 9 21 6 4 14 6 7 17 7 16 10 14 1 16 20 18 20 4 13 14 20 24 24
>GSP1_YEAST/14-170_SS
10 10 10 10 10 10 6 23 23 6 6 15 15 15 15 15 15 15 15 15 3 6 6 6 10 10 24 24 24 24 24 10 10 10 10 10 10 10 10 23 24 24 24 24 24 24 24 24 24 24 23 10 10 10 10 10 10 10 10 10 10 8 6 5 5 5 6 23 23 23 23 5 5 5 23 23 6 10 10 10 10 10 10 10 23 23 15 15 15 15 15 23 15 15 24 15 15 15 15 15 15 15 15 15 6 23 24 24 24 24 24 24 24 24 24 24 24 6 10 10 10 10 10 10 23 23 6 6 24 24 24 24 24 24 24 24 24 24 24 24 24 24 24 24 24 24 24 24 24 24 24 24 24 24 24 24 24 24 24 24 24 24 6 6 6 5 5 5 24 15 15 24 24 24 24 24 24 24 15 15 23 23 24 10 10 10 10 10 8 23 23 23 23 3 23 23 23 15 15 15 15 15 15 15 15 15 15 24 24
>RAP2A_HUMAN/5-166
14 22 22 22 20 5 6 5 5 22 5 14 6 4 20 23 22 12 16 22 23 5 23 16 21 10 14 17 9 1 23 21 24 10 9 24 24 24 24 24 16 17 13 14 10 21 10 22 9 24 24 24 24 24 24 24 24 24 24 6 6 1 6 22 20 10 21 20 9 23 4 5 23 10 12 16 4 6 19 13 9 20 17 21 14 7 5 12 5 16 21 20 22 17 6 20 22 7 12 12 6 16 12 9 21 14 24 1 19 13 9 12 21 21 13 22 14 13 17 24 24 24 24 24 24 24 24 10 14 24 22 1 22 21 20 22 5 7 14 22 9 20 10 6 24 24 24 24 24 24 24 24 24 24 24 24 24 24 24 24 24 24 24 24 24 24 24 24 24 24 24 24 24 24 24 24 24 10 13 10 22 6 6 6 10 5 13 4 20 4 24 24 24 24 24 24 24 10 10 18 5 24 3 1 16 19 10 23 6 4 14 6 14 23 19 22 9 10 20 16 4 10 21 22 13 12 19 7 17
>RAP2A_HUMAN/5-166_SS
10 10 10 10 10 10 6 23 23 6 6 15 15 15 15 15 15 15 15 15 15 6 6 6 23 23 6 24 10 10 24 24 24 24 24 10 10 10 10 10 10 10 10 23 24 24 24 24 24 24 24 24 24 24 23 10 10 10 10 10 10 10 10 10 10 6 6 3 3 15 15 15 15 15 15 15 15 15 15 6 10 10 10 10 10 10 10 23 23 15 15 15 15 15 15 15 3 24 3 15 15 15 15 15 15 15 15 15 23 23 24 24 24 24 24 24 24 24 6 24 10 10 10 10 10 10 5 5 5 5 5 24 24 24 24 24 24 24 24 24 24 24 24 24 24 24 24 24 24 24 24 24 24 24 24 24 24 24 24 24 24 24 24 24 5 6 15 15 15 15 15 15 15 15 24 24 24 24 24 24 24 15 15 15 23 24 6 10 10 10 10 23 23 15 15 15 15 15 15 15 15 15 15 15 15 15 15 15 15 3
>RRAS_HUMAN/31-192
14 20 22 22 22 5 5 5 5 22 5 14 6 4 20 23 21 12 16 21 12 6 17 16 22 6 9 17 9 1 23 21 24 10 9 24 24 24 24 24 6 17 23 14 21 3 6 22 9 24 24 24 24 24 24 24 24 24 24 5 21 1 4 13 20 9 21 20 9 23 4 5 12 10 10 16 5 4 19 13 10 12 17 19 13 4 5 15 5 16 20 20 22 16 4 21 7 9 13 12 6 16 7 10 22 5 24 14 20 16 23 12 21 20 13 22 14 9 13 24 24 24 24 24 24 24 24 9 9 24 16 1 22 22 20 22 5 7 14 4 9 20 10 6 24 24 24 24 24 24 24 24 24 24 24 24 24 24 24 24 24 24 24 24 24 24 24 24 24 24 24 24 24 24 24 24 24 12 13 12 22 1 13 6 10 4 6 4 16 5 24 24 24 24 24 24 24 4 6 15 15 24 22 4 17 16 10 4 6 4 14 20 13 20 7 22 9 10 4 16 10 12 20 22 13 4 22 13 14
>RRAS_HUMAN/31-192_SS
10 10 10 10 10 3 6 23 23 6 6 15 15 15 15 15 15 15 15 15 15 6 6 23 23 23 23 24 10 24 24 24 24 24 10 10 10 10 10 10 10 10 23 24 24 24 24 24 24 24 24 24 24 23 10 10 10 10 10 10 10 10 10 6 23 23 23 23 15 15 15 15 15 15 15 15 15 23 6 10 10 10 10 10 10 10 23 23 15 15 15 15 15 15 15 15 24 15 15 15 15 15 15 15 15 15 15 23 6 24 24 24 24 24 24 24 24 6 6 24 10 10 10 10 10 10 5 5 5 5 5 24 24 24 24 24 24 24 24 24 24 24 24 24 24 24 24 24 24 24 24 24 24 24 24 24 24 24 24 24 24 24 24 24 5 6 6 15 15 15 15 15 15 15 15 24 24 24 24 24 24 24 15 15 23 23 24 10 10 10 10 8 23 23 23 23 8 6 15 15 15 15 15 15 15 15 15 15 15 15 15 15
>RALA_HUMAN/16-177
14 22 21 19 22 5 6 5 5 22 5 14 6 4 20 23 20 12 16 19 17 9 10 16 22 10 9 17 10 1 23 14 24 4 9 24 24 24 24 24 6 17 13 14 14 22 22 20 9 24 24 24 24 24 24 24 24 24 24 5 10 10 22 12 21 9 21 20 9 23 4 5 12 10 9 17 4 4 21 13 9 7 17 16 13 6 5 10 5 16 20 3 22 16 6 21 23 10 19 10 6 16 4 4 23 4 24 9 16 13 10 12 21 20 13 22 14 10 24 24 24 24 24 24 24 24 24 9 10 7 22 1 16 20 20 22 5 7 14 6 9 20 10 9 24 24 24 24 24 24 24 24 24 24 24 24 24 24 24 24 24 24 24 24 24 24 24 24 24 24 24 24 24 24 24 24 24 14 13 12 22 6 22 10 10 4 14 7 13 4 24 24 24 24 24 24 24 10 12 18 7 24 22 7 17 22 10 23 6 4 14 23 13 4 7 22 9 14 22 16 16 9 20 19 13 10 21 13 4
>RALA_HUMAN/16-177_SS
10 10 10 10 10 6 23 23 6 6 15 15 15 15 15 15 15 15 15 15 6 6 6 23 23 6 24 10 10 24 24 24 24 24 10 10 10 10 10 10 10 10 23 24 24 24 24 24 24 24 24 24 24 23 10 10 10 10 10 10 10 10 10 10 6 23 23 6 6 15 15 15 15 15 15 15 15 15 15 6 10 10 10 10 10 10 10 23 23 15 15 15 15 15 15 15 15 24 15 15 15 15 15 15 15 15 15 15 23 24 24 24 24 24 24 24 24 24 23 23 6 6 10 10 10 10 10 10 23 23 5 5 5 24 24 24 24 24 24 24 24 24 24 24 24 24 24 24 24 24 24 24 24 24 24 24 24 24 24 24 24 24 24 24 24 24 5 6 15 15 15 15 15 15 15 15 24 24 24 24 24 24 24 15 15 15 23 24 10 10 10 10 10 8 23 23 23 23 23 23 15 15 15 15 15 15 15 15 15 15 15 15 15 15